# x      y    u(x,y)
0.012987 0.0123457 1.00637
0.025974 0.0123457 1.01684
0.038961 0.0123457 1.02868
0.0519481 0.0123457 1.04104
0.0649351 0.0123457 1.05365
0.0779221 0.0123457 1.06637
0.0909091 0.0123457 1.07915
0.103896 0.0123457 1.09197
0.116883 0.0123457 1.1048
0.12987 0.0123457 1.11764
0.142857 0.0123457 1.13047
0.155844 0.0123457 1.14329
0.168831 0.0123457 1.1561
0.181818 0.0123457 1.16889
0.194805 0.0123457 1.18165
0.207792 0.0123457 1.19439
0.220779 0.0123457 1.2071
0.233766 0.0123457 1.21978
0.246753 0.0123457 1.23243
0.25974 0.0123457 1.24503
0.272727 0.0123457 1.2576
0.285714 0.0123457 1.27012
0.298701 0.0123457 1.28259
0.311688 0.0123457 1.29501
0.324675 0.0123457 1.30738
0.337662 0.0123457 1.31968
0.350649 0.0123457 1.33192
0.363636 0.0123457 1.34407
0.376623 0.0123457 1.35613
0.38961 0.0123457 1.36807
0.402597 0.0123457 1.37984
0.415584 0.0123457 1.39139
0.428571 0.0123457 1.40257
0.441558 0.0123457 1.41312
0.454545 0.0123457 1.42244
0.467532 0.0123457 1.42912
0.480519 0.0123457 1.42936
0.493506 0.0123457 1.4117
0.506494 0.0123457 1.33755
0.519481 0.0123457 1.0628
0.012987 0.0246914 1.00888
0.025974 0.0246914 1.01931
0.038961 0.0246914 1.03075
0.0519481 0.0246914 1.04276
0.0649351 0.0246914 1.0551
0.0779221 0.0246914 1.06762
0.0909091 0.0246914 1.08026
0.103896 0.0246914 1.09297
0.116883 0.0246914 1.10572
0.12987 0.0246914 1.11849
0.142857 0.0246914 1.13127
0.155844 0.0246914 1.14405
0.168831 0.0246914 1.15682
0.181818 0.0246914 1.16959
0.194805 0.0246914 1.18233
0.207792 0.0246914 1.19506
0.220779 0.0246914 1.20775
0.233766 0.0246914 1.22042
0.246753 0.0246914 1.23306
0.25974 0.0246914 1.24565
0.272727 0.0246914 1.25821
0.285714 0.0246914 1.27072
0.298701 0.0246914 1.28319
0.311688 0.0246914 1.2956
0.324675 0.0246914 1.30794
0.337662 0.0246914 1.32022
0.350649 0.0246914 1.33242
0.363636 0.0246914 1.34451
0.376623 0.0246914 1.35648
0.38961 0.0246914 1.36829
0.402597 0.0246914 1.37986
0.415584 0.0246914 1.39109
0.428571 0.0246914 1.40177
0.441558 0.0246914 1.41155
0.454545 0.0246914 1.41969
0.467532 0.0246914 1.42479
0.480519 0.0246914 1.42398
0.493506 0.0246914 1.41198
0.506494 0.0246914 1.38244
0.519481 0.0246914 1.35239
0.012987 0.037037 1.0099
0.025974 0.037037 1.02072
0.038961 0.037037 1.03215
0.0519481 0.037037 1.04403
0.0649351 0.037037 1.05622
0.0779221 0.037037 1.06862
0.0909091 0.037037 1.08115
0.103896 0.037037 1.09377
0.116883 0.037037 1.10644
0.12987 0.037037 1.11916
0.142857 0.037037 1.13189
0.155844 0.037037 1.14464
0.168831 0.037037 1.15738
0.181818 0.037037 1.17012
0.194805 0.037037 1.18285
0.207792 0.037037 1.19556
0.220779 0.037037 1.20824
0.233766 0.037037 1.2209
0.246753 0.037037 1.23353
0.25974 0.037037 1.24612
0.272727 0.037037 1.25867
0.285714 0.037037 1.27118
0.298701 0.037037 1.28364
0.311688 0.037037 1.29604
0.324675 0.037037 1.30837
0.337662 0.037037 1.32063
0.350649 0.037037 1.3328
0.363636 0.037037 1.34486
0.376623 0.037037 1.35678
0.38961 0.037037 1.3685
0.402597 0.037037 1.37997
0.415584 0.037037 1.39106
0.428571 0.037037 1.40158
0.441558 0.037037 1.41123
0.454545 0.037037 1.41949
0.467532 0.037037 1.42558
0.480519 0.037037 1.4285
0.493506 0.037037 1.42788
0.506494 0.037037 1.42757
0.519481 0.037037 1.44664
0.012987 0.0493827 1.01022
0.025974 0.0493827 1.02141
0.038961 0.0493827 1.03297
0.0519481 0.0493827 1.04485
0.0649351 0.0493827 1.05699
0.0779221 0.0493827 1.06932
0.0909091 0.0493827 1.08178
0.103896 0.0493827 1.09434
0.116883 0.0493827 1.10697
0.12987 0.0493827 1.11964
0.142857 0.0493827 1.13233
0.155844 0.0493827 1.14505
0.168831 0.0493827 1.15777
0.181818 0.0493827 1.17049
0.194805 0.0493827 1.1832
0.207792 0.0493827 1.19589
0.220779 0.0493827 1.20857
0.233766 0.0493827 1.22122
0.246753 0.0493827 1.23384
0.25974 0.0493827 1.24643
0.272727 0.0493827 1.25898
0.285714 0.0493827 1.27148
0.298701 0.0493827 1.28394
0.311688 0.0493827 1.29634
0.324675 0.0493827 1.30867
0.337662 0.0493827 1.32092
0.350649 0.0493827 1.33308
0.363636 0.0493827 1.34513
0.376623 0.0493827 1.35703
0.38961 0.0493827 1.36875
0.402597 0.0493827 1.38021
0.415584 0.0493827 1.39133
0.428571 0.0493827 1.40197
0.441558 0.0493827 1.41195
0.454545 0.0493827 1.42102
0.467532 0.0493827 1.429
0.480519 0.0493827 1.436
0.493506 0.0493827 1.44327
0.506494 0.0493827 1.45497
0.519481 0.0493827 1.48017
0.012987 0.0617284 1.01013
0.025974 0.0617284 1.02162
0.038961 0.0617284 1.03334
0.0519481 0.0617284 1.04529
0.0649351 0.0617284 1.05743
0.0779221 0.0617284 1.06974
0.0909091 0.0617284 1.08217
0.103896 0.0617284 1.09469
0.116883 0.0617284 1.10728
0.12987 0.0617284 1.11992
0.142857 0.0617284 1.13259
0.155844 0.0617284 1.14528
0.168831 0.0617284 1.15798
0.181818 0.0617284 1.17068
0.194805 0.0617284 1.18338
0.207792 0.0617284 1.19607
0.220779 0.0617284 1.20873
0.233766 0.0617284 1.22138
0.246753 0.0617284 1.234
0.25974 0.0617284 1.24658
0.272727 0.0617284 1.25913
0.285714 0.0617284 1.27164
0.298701 0.0617284 1.2841
0.311688 0.0617284 1.2965
0.324675 0.0617284 1.30883
0.337662 0.0617284 1.32109
0.350649 0.0617284 1.33326
0.363636 0.0617284 1.34533
0.376623 0.0617284 1.35725
0.38961 0.0617284 1.36901
0.402597 0.0617284 1.38055
0.415584 0.0617284 1.39182
0.428571 0.0617284 1.40275
0.441558 0.0617284 1.41326
0.454545 0.0617284 1.42333
0.467532 0.0617284 1.43309
0.480519 0.0617284 1.44302
0.493506 0.0617284 1.45445
0.506494 0.0617284 1.46993
0.519481 0.0617284 1.49297
0.012987 0.0740741 1.00974
0.025974 0.0740741 1.02148
0.038961 0.0740741 1.03335
0.0519481 0.0740741 1.04538
0.0649351 0.0740741 1.05757
0.0779221 0.0740741 1.06988
0.0909091 0.0740741 1.0823
0.103896 0.0740741 1.09481
0.116883 0.0740741 1.10738
0.12987 0.0740741 1.12
0.142857 0.0740741 1.13265
0.155844 0.0740741 1.14532
0.168831 0.0740741 1.15801
0.181818 0.0740741 1.1707
0.194805 0.0740741 1.18339
0.207792 0.0740741 1.19607
0.220779 0.0740741 1.20873
0.233766 0.0740741 1.22138
0.246753 0.0740741 1.23399
0.25974 0.0740741 1.24658
0.272727 0.0740741 1.25913
0.285714 0.0740741 1.27164
0.298701 0.0740741 1.28411
0.311688 0.0740741 1.29652
0.324675 0.0740741 1.30887
0.337662 0.0740741 1.32115
0.350649 0.0740741 1.33334
0.363636 0.0740741 1.34544
0.376623 0.0740741 1.35741
0.38961 0.0740741 1.36925
0.402597 0.0740741 1.38093
0.415584 0.0740741 1.39241
0.428571 0.0740741 1.40368
0.441558 0.0740741 1.41476
0.454545 0.0740741 1.42571
0.467532 0.0740741 1.43679
0.480519 0.0740741 1.44848
0.493506 0.0740741 1.46173
0.506494 0.0740741 1.47785
0.519481 0.0740741 1.49797
0.012987 0.0864198 1.00912
0.025974 0.0864198 1.02104
0.038961 0.0864198 1.03306
0.0519481 0.0864198 1.04518
0.0649351 0.0864198 1.05742
0.0779221 0.0864198 1.06976
0.0909091 0.0864198 1.0822
0.103896 0.0864198 1.0947
0.116883 0.0864198 1.10726
0.12987 0.0864198 1.11987
0.142857 0.0864198 1.13252
0.155844 0.0864198 1.14518
0.168831 0.0864198 1.15786
0.181818 0.0864198 1.17054
0.194805 0.0864198 1.18323
0.207792 0.0864198 1.1959
0.220779 0.0864198 1.20856
0.233766 0.0864198 1.22121
0.246753 0.0864198 1.23383
0.25974 0.0864198 1.24642
0.272727 0.0864198 1.25898
0.285714 0.0864198 1.2715
0.298701 0.0864198 1.28397
0.311688 0.0864198 1.2964
0.324675 0.0864198 1.30877
0.337662 0.0864198 1.32107
0.350649 0.0864198 1.3333
0.363636 0.0864198 1.34544
0.376623 0.0864198 1.35749
0.38961 0.0864198 1.36944
0.402597 0.0864198 1.38126
0.415584 0.0864198 1.39297
0.428571 0.0864198 1.40458
0.441558 0.0864198 1.41614
0.454545 0.0864198 1.42777
0.467532 0.0864198 1.4397
0.480519 0.0864198 1.45232
0.493506 0.0864198 1.46619
0.506494 0.0864198 1.48192
0.519481 0.0864198 1.49976
0.012987 0.0987654 1.0083
0.025974 0.0987654 1.02037
0.038961 0.0987654 1.03251
0.0519481 0.0987654 1.04472
0.0649351 0.0987654 1.05702
0.0779221 0.0987654 1.0694
0.0909091 0.0987654 1.08186
0.103896 0.0987654 1.09437
0.116883 0.0987654 1.10694
0.12987 0.0987654 1.11955
0.142857 0.0987654 1.13219
0.155844 0.0987654 1.14485
0.168831 0.0987654 1.15753
0.181818 0.0987654 1.17021
0.194805 0.0987654 1.18289
0.207792 0.0987654 1.19556
0.220779 0.0987654 1.20823
0.233766 0.0987654 1.22087
0.246753 0.0987654 1.2335
0.25974 0.0987654 1.2461
0.272727 0.0987654 1.25866
0.285714 0.0987654 1.27119
0.298701 0.0987654 1.28368
0.311688 0.0987654 1.29613
0.324675 0.0987654 1.30852
0.337662 0.0987654 1.32086
0.350649 0.0987654 1.33313
0.363636 0.0987654 1.34533
0.376623 0.0987654 1.35746
0.38961 0.0987654 1.36952
0.402597 0.0987654 1.3815
0.415584 0.0987654 1.39342
0.428571 0.0987654 1.40531
0.441558 0.0987654 1.41724
0.454545 0.0987654 1.42933
0.467532 0.0987654 1.44177
0.480519 0.0987654 1.4548
0.493506 0.0987654 1.46875
0.506494 0.0987654 1.48386
0.519481 0.0987654 1.50009
0.012987 0.111111 1.0073
0.025974 0.111111 1.01949
0.038961 0.111111 1.03173
0.0519481 0.111111 1.04402
0.0649351 0.111111 1.05639
0.0779221 0.111111 1.06881
0.0909091 0.111111 1.08129
0.103896 0.111111 1.09383
0.116883 0.111111 1.10641
0.12987 0.111111 1.11903
0.142857 0.111111 1.13167
0.155844 0.111111 1.14433
0.168831 0.111111 1.15701
0.181818 0.111111 1.16969
0.194805 0.111111 1.18238
0.207792 0.111111 1.19505
0.220779 0.111111 1.20772
0.233766 0.111111 1.22037
0.246753 0.111111 1.233
0.25974 0.111111 1.24561
0.272727 0.111111 1.25819
0.285714 0.111111 1.27073
0.298701 0.111111 1.28324
0.311688 0.111111 1.29571
0.324675 0.111111 1.30813
0.337662 0.111111 1.3205
0.350649 0.111111 1.33282
0.363636 0.111111 1.34508
0.376623 0.111111 1.35729
0.38961 0.111111 1.36945
0.402597 0.111111 1.38157
0.415584 0.111111 1.39367
0.428571 0.111111 1.40579
0.441558 0.111111 1.41799
0.454545 0.111111 1.43037
0.467532 0.111111 1.44307
0.480519 0.111111 1.45624
0.493506 0.111111 1.47005
0.506494 0.111111 1.48456
0.519481 0.111111 1.49967
0.012987 0.123457 1.00611
0.025974 0.123457 1.01841
0.038961 0.123457 1.03074
0.0519481 0.123457 1.04311
0.0649351 0.123457 1.05553
0.0779221 0.123457 1.068
0.0909091 0.123457 1.08052
0.103896 0.123457 1.09308
0.116883 0.123457 1.10568
0.12987 0.123457 1.11831
0.142857 0.123457 1.13096
0.155844 0.123457 1.14363
0.168831 0.123457 1.15631
0.181818 0.123457 1.169
0.194805 0.123457 1.18169
0.207792 0.123457 1.19437
0.220779 0.123457 1.20704
0.233766 0.123457 1.2197
0.246753 0.123457 1.23234
0.25974 0.123457 1.24496
0.272727 0.123457 1.25755
0.285714 0.123457 1.27011
0.298701 0.123457 1.28264
0.311688 0.123457 1.29513
0.324675 0.123457 1.30758
0.337662 0.123457 1.31999
0.350649 0.123457 1.33235
0.363636 0.123457 1.34468
0.376623 0.123457 1.35696
0.38961 0.123457 1.36921
0.402597 0.123457 1.38145
0.415584 0.123457 1.39369
0.428571 0.123457 1.40597
0.441558 0.123457 1.41835
0.454545 0.123457 1.4309
0.467532 0.123457 1.44372
0.480519 0.123457 1.45688
0.493506 0.123457 1.47047
0.506494 0.123457 1.48449
0.519481 0.123457 1.49883
0.012987 0.135802 1.00476
0.025974 0.135802 1.01714
0.038961 0.135802 1.02955
0.0519481 0.135802 1.04199
0.0649351 0.135802 1.05447
0.0779221 0.135802 1.06698
0.0909091 0.135802 1.07954
0.103896 0.135802 1.09213
0.116883 0.135802 1.10475
0.12987 0.135802 1.11739
0.142857 0.135802 1.13006
0.155844 0.135802 1.14274
0.168831 0.135802 1.15543
0.181818 0.135802 1.16813
0.194805 0.135802 1.18082
0.207792 0.135802 1.19351
0.220779 0.135802 1.2062
0.233766 0.135802 1.21886
0.246753 0.135802 1.23151
0.25974 0.135802 1.24414
0.272727 0.135802 1.25675
0.285714 0.135802 1.26933
0.298701 0.135802 1.28187
0.311688 0.135802 1.29439
0.324675 0.135802 1.30687
0.337662 0.135802 1.31931
0.350649 0.135802 1.33172
0.363636 0.135802 1.3441
0.376623 0.135802 1.35645
0.38961 0.135802 1.36878
0.402597 0.135802 1.38111
0.415584 0.135802 1.39346
0.428571 0.135802 1.40586
0.441558 0.135802 1.41835
0.454545 0.135802 1.43099
0.467532 0.135802 1.44382
0.480519 0.135802 1.45692
0.493506 0.135802 1.47029
0.506494 0.135802 1.48392
0.519481 0.135802 1.49771
0.012987 0.148148 1.00324
0.025974 0.148148 1.0157
0.038961 0.148148 1.02818
0.0519481 0.148148 1.04068
0.0649351 0.148148 1.05321
0.0779221 0.148148 1.06577
0.0909091 0.148148 1.07836
0.103896 0.148148 1.09098
0.116883 0.148148 1.10362
0.12987 0.148148 1.11629
0.142857 0.148148 1.12897
0.155844 0.148148 1.14167
0.168831 0.148148 1.15437
0.181818 0.148148 1.16708
0.194805 0.148148 1.17978
0.207792 0.148148 1.19248
0.220779 0.148148 1.20517
0.233766 0.148148 1.21785
0.246753 0.148148 1.23052
0.25974 0.148148 1.24316
0.272727 0.148148 1.25578
0.285714 0.148148 1.26837
0.298701 0.148148 1.28094
0.311688 0.148148 1.29348
0.324675 0.148148 1.30599
0.337662 0.148148 1.31847
0.350649 0.148148 1.33092
0.363636 0.148148 1.34335
0.376623 0.148148 1.35575
0.38961 0.148148 1.36815
0.402597 0.148148 1.38055
0.415584 0.148148 1.39297
0.428571 0.148148 1.40545
0.441558 0.148148 1.418
0.454545 0.148148 1.43067
0.467532 0.148148 1.44348
0.480519 0.148148 1.45648
0.493506 0.148148 1.46965
0.506494 0.148148 1.48297
0.519481 0.148148 1.49636
0.012987 0.160494 1.00156
0.025974 0.160494 1.01409
0.038961 0.160494 1.02663
0.0519481 0.160494 1.03919
0.0649351 0.160494 1.05177
0.0779221 0.160494 1.06437
0.0909091 0.160494 1.077
0.103896 0.160494 1.08965
0.116883 0.160494 1.10232
0.12987 0.160494 1.115
0.142857 0.160494 1.1277
0.155844 0.160494 1.14041
0.168831 0.160494 1.15313
0.181818 0.160494 1.16585
0.194805 0.160494 1.17857
0.207792 0.160494 1.19128
0.220779 0.160494 1.20398
0.233766 0.160494 1.21667
0.246753 0.160494 1.22935
0.25974 0.160494 1.242
0.272727 0.160494 1.25464
0.285714 0.160494 1.26725
0.298701 0.160494 1.27984
0.311688 0.160494 1.2924
0.324675 0.160494 1.30494
0.337662 0.160494 1.31745
0.350649 0.160494 1.32994
0.363636 0.160494 1.3424
0.376623 0.160494 1.35485
0.38961 0.160494 1.3673
0.402597 0.160494 1.37975
0.415584 0.160494 1.39223
0.428571 0.160494 1.40475
0.441558 0.160494 1.41733
0.454545 0.160494 1.42999
0.467532 0.160494 1.44277
0.480519 0.160494 1.45565
0.493506 0.160494 1.46865
0.506494 0.160494 1.48173
0.519481 0.160494 1.49483
0.012987 0.17284 0.999727
0.025974 0.17284 1.01231
0.038961 0.17284 1.02491
0.0519481 0.17284 1.03751
0.0649351 0.17284 1.05014
0.0779221 0.17284 1.06278
0.0909091 0.17284 1.07545
0.103896 0.17284 1.08813
0.116883 0.17284 1.10082
0.12987 0.17284 1.11353
0.142857 0.17284 1.12625
0.155844 0.17284 1.13898
0.168831 0.17284 1.15171
0.181818 0.17284 1.16444
0.194805 0.17284 1.17717
0.207792 0.17284 1.1899
0.220779 0.17284 1.20261
0.233766 0.17284 1.21532
0.246753 0.17284 1.22801
0.25974 0.17284 1.24068
0.272727 0.17284 1.25333
0.285714 0.17284 1.26596
0.298701 0.17284 1.27857
0.311688 0.17284 1.29115
0.324675 0.17284 1.30371
0.337662 0.17284 1.31625
0.350649 0.17284 1.32877
0.363636 0.17284 1.34127
0.376623 0.17284 1.35375
0.38961 0.17284 1.36624
0.402597 0.17284 1.37873
0.415584 0.17284 1.39123
0.428571 0.17284 1.40377
0.441558 0.17284 1.41636
0.454545 0.17284 1.42901
0.467532 0.17284 1.44172
0.480519 0.17284 1.45451
0.493506 0.17284 1.46736
0.506494 0.17284 1.48025
0.519481 0.17284 1.49312
0.012987 0.185185 0.997733
0.025974 0.185185 1.01037
0.038961 0.185185 1.02301
0.0519481 0.185185 1.03567
0.0649351 0.185185 1.04834
0.0779221 0.185185 1.06102
0.0909091 0.185185 1.07372
0.103896 0.185185 1.08643
0.116883 0.185185 1.09915
0.12987 0.185185 1.11188
0.142857 0.185185 1.12462
0.155844 0.185185 1.13737
0.168831 0.185185 1.15012
0.181818 0.185185 1.16286
0.194805 0.185185 1.17561
0.207792 0.185185 1.18835
0.220779 0.185185 1.20108
0.233766 0.185185 1.21379
0.246753 0.185185 1.2265
0.25974 0.185185 1.23918
0.272727 0.185185 1.25185
0.285714 0.185185 1.2645
0.298701 0.185185 1.27712
0.311688 0.185185 1.28973
0.324675 0.185185 1.30231
0.337662 0.185185 1.31487
0.350649 0.185185 1.32741
0.363636 0.185185 1.33994
0.376623 0.185185 1.35245
0.38961 0.185185 1.36496
0.402597 0.185185 1.37748
0.415584 0.185185 1.39
0.428571 0.185185 1.40255
0.441558 0.185185 1.41512
0.454545 0.185185 1.42774
0.467532 0.185185 1.4404
0.480519 0.185185 1.45309
0.493506 0.185185 1.46582
0.506494 0.185185 1.47855
0.519481 0.185185 1.49124
0.012987 0.197531 0.995583
0.025974 0.197531 1.00827
0.038961 0.197531 1.02096
0.0519481 0.197531 1.03365
0.0649351 0.197531 1.04636
0.0779221 0.197531 1.05908
0.0909091 0.197531 1.07181
0.103896 0.197531 1.08455
0.116883 0.197531 1.0973
0.12987 0.197531 1.11005
0.142857 0.197531 1.12281
0.155844 0.197531 1.13558
0.168831 0.197531 1.14835
0.181818 0.197531 1.16111
0.194805 0.197531 1.17387
0.207792 0.197531 1.18662
0.220779 0.197531 1.19936
0.233766 0.197531 1.2121
0.246753 0.197531 1.22481
0.25974 0.197531 1.23751
0.272727 0.197531 1.2502
0.285714 0.197531 1.26286
0.298701 0.197531 1.2755
0.311688 0.197531 1.28812
0.324675 0.197531 1.30072
0.337662 0.197531 1.3133
0.350649 0.197531 1.32587
0.363636 0.197531 1.33841
0.376623 0.197531 1.35095
0.38961 0.197531 1.36348
0.402597 0.197531 1.376
0.415584 0.197531 1.38854
0.428571 0.197531 1.40108
0.441558 0.197531 1.41364
0.454545 0.197531 1.42622
0.467532 0.197531 1.43882
0.480519 0.197531 1.45143
0.493506 0.197531 1.46405
0.506494 0.197531 1.47665
0.519481 0.197531 1.48921
0.012987 0.209877 0.993278
0.025974 0.209877 1.006
0.038961 0.209877 1.01874
0.0519481 0.209877 1.03147
0.0649351 0.209877 1.04422
0.0779221 0.209877 1.05697
0.0909091 0.209877 1.06973
0.103896 0.209877 1.0825
0.116883 0.209877 1.09527
0.12987 0.209877 1.10805
0.142857 0.209877 1.12083
0.155844 0.209877 1.13362
0.168831 0.209877 1.1464
0.181818 0.209877 1.15918
0.194805 0.209877 1.17196
0.207792 0.209877 1.18472
0.220779 0.209877 1.19748
0.233766 0.209877 1.21023
0.246753 0.209877 1.22296
0.25974 0.209877 1.23567
0.272727 0.209877 1.24837
0.285714 0.209877 1.26105
0.298701 0.209877 1.2737
0.311688 0.209877 1.28634
0.324675 0.209877 1.29896
0.337662 0.209877 1.31156
0.350649 0.209877 1.32413
0.363636 0.209877 1.3367
0.376623 0.209877 1.34925
0.38961 0.209877 1.36179
0.402597 0.209877 1.37432
0.415584 0.209877 1.38685
0.428571 0.209877 1.39938
0.441558 0.209877 1.41192
0.454545 0.209877 1.42446
0.467532 0.209877 1.43701
0.480519 0.209877 1.44955
0.493506 0.209877 1.46207
0.506494 0.209877 1.47457
0.519481 0.209877 1.48701
0.012987 0.222222 0.99082
0.025974 0.222222 1.00359
0.038961 0.222222 1.01635
0.0519481 0.222222 1.02913
0.0649351 0.222222 1.04191
0.0779221 0.222222 1.05469
0.0909091 0.222222 1.06748
0.103896 0.222222 1.08028
0.116883 0.222222 1.09307
0.12987 0.222222 1.10588
0.142857 0.222222 1.11868
0.155844 0.222222 1.13148
0.168831 0.222222 1.14429
0.181818 0.222222 1.15708
0.194805 0.222222 1.16987
0.207792 0.222222 1.18266
0.220779 0.222222 1.19543
0.233766 0.222222 1.20819
0.246753 0.222222 1.22093
0.25974 0.222222 1.23366
0.272727 0.222222 1.24637
0.285714 0.222222 1.25906
0.298701 0.222222 1.27173
0.311688 0.222222 1.28438
0.324675 0.222222 1.29701
0.337662 0.222222 1.30962
0.350649 0.222222 1.32222
0.363636 0.222222 1.33479
0.376623 0.222222 1.34735
0.38961 0.222222 1.35989
0.402597 0.222222 1.37243
0.415584 0.222222 1.38495
0.428571 0.222222 1.39747
0.441558 0.222222 1.40998
0.454545 0.222222 1.42249
0.467532 0.222222 1.43498
0.480519 0.222222 1.44746
0.493506 0.222222 1.4599
0.506494 0.222222 1.47231
0.519481 0.222222 1.48466
0.012987 0.234568 0.98821
0.025974 0.234568 1.00101
0.038961 0.234568 1.01381
0.0519481 0.234568 1.02662
0.0649351 0.234568 1.03943
0.0779221 0.234568 1.05225
0.0909091 0.234568 1.06506
0.103896 0.234568 1.07789
0.116883 0.234568 1.09071
0.12987 0.234568 1.10353
0.142857 0.234568 1.11636
0.155844 0.234568 1.12918
0.168831 0.234568 1.142
0.181818 0.234568 1.15481
0.194805 0.234568 1.16762
0.207792 0.234568 1.18042
0.220779 0.234568 1.1932
0.233766 0.234568 1.20597
0.246753 0.234568 1.21873
0.25974 0.234568 1.23147
0.272727 0.234568 1.2442
0.285714 0.234568 1.2569
0.298701 0.234568 1.26958
0.311688 0.234568 1.28225
0.324675 0.234568 1.29489
0.337662 0.234568 1.30751
0.350649 0.234568 1.32011
0.363636 0.234568 1.33269
0.376623 0.234568 1.34526
0.38961 0.234568 1.3578
0.402597 0.234568 1.37033
0.415584 0.234568 1.38285
0.428571 0.234568 1.39535
0.441558 0.234568 1.40784
0.454545 0.234568 1.42031
0.467532 0.234568 1.43275
0.480519 0.234568 1.44517
0.493506 0.234568 1.45755
0.506494 0.234568 1.46988
0.519481 0.234568 1.48215
0.012987 0.246914 0.985448
0.025974 0.246914 0.998282
0.038961 0.246914 1.01112
0.0519481 0.246914 1.02396
0.0649351 0.246914 1.0368
0.0779221 0.246914 1.04964
0.0909091 0.246914 1.06248
0.103896 0.246914 1.07533
0.116883 0.246914 1.08818
0.12987 0.246914 1.10102
0.142857 0.246914 1.11387
0.155844 0.246914 1.12671
0.168831 0.246914 1.13955
0.181818 0.246914 1.15238
0.194805 0.246914 1.1652
0.207792 0.246914 1.17801
0.220779 0.246914 1.19081
0.233766 0.246914 1.20359
0.246753 0.246914 1.21636
0.25974 0.246914 1.22912
0.272727 0.246914 1.24185
0.285714 0.246914 1.25457
0.298701 0.246914 1.26726
0.311688 0.246914 1.27994
0.324675 0.246914 1.29259
0.337662 0.246914 1.30522
0.350649 0.246914 1.31783
0.363636 0.246914 1.33041
0.376623 0.246914 1.34298
0.38961 0.246914 1.35552
0.402597 0.246914 1.36805
0.415584 0.246914 1.38055
0.428571 0.246914 1.39303
0.441558 0.246914 1.40549
0.454545 0.246914 1.41793
0.467532 0.246914 1.43033
0.480519 0.246914 1.4427
0.493506 0.246914 1.45502
0.506494 0.246914 1.46729
0.519481 0.246914 1.47949
0.012987 0.259259 0.982535
0.025974 0.259259 0.995399
0.038961 0.259259 1.00826
0.0519481 0.259259 1.02113
0.0649351 0.259259 1.034
0.0779221 0.259259 1.04687
0.0909091 0.259259 1.05974
0.103896 0.259259 1.07261
0.116883 0.259259 1.08548
0.12987 0.259259 1.09835
0.142857 0.259259 1.11121
0.155844 0.259259 1.12407
0.168831 0.259259 1.13692
0.181818 0.259259 1.14977
0.194805 0.259259 1.16261
0.207792 0.259259 1.17543
0.220779 0.259259 1.18824
0.233766 0.259259 1.20104
0.246753 0.259259 1.21382
0.25974 0.259259 1.22659
0.272727 0.259259 1.23934
0.285714 0.259259 1.25206
0.298701 0.259259 1.26477
0.311688 0.259259 1.27745
0.324675 0.259259 1.29011
0.337662 0.259259 1.30275
0.350649 0.259259 1.31536
0.363636 0.259259 1.32795
0.376623 0.259259 1.34051
0.38961 0.259259 1.35305
0.402597 0.259259 1.36557
0.415584 0.259259 1.37806
0.428571 0.259259 1.39053
0.441558 0.259259 1.40296
0.454545 0.259259 1.41536
0.467532 0.259259 1.42773
0.480519 0.259259 1.44005
0.493506 0.259259 1.45232
0.506494 0.259259 1.46454
0.519481 0.259259 1.47668
0.012987 0.271605 0.979472
0.025974 0.271605 0.992364
0.038961 0.271605 1.00526
0.0519481 0.271605 1.01815
0.0649351 0.271605 1.03105
0.0779221 0.271605 1.04394
0.0909091 0.271605 1.05683
0.103896 0.271605 1.06973
0.116883 0.271605 1.08262
0.12987 0.271605 1.0955
0.142857 0.271605 1.10839
0.155844 0.271605 1.12126
0.168831 0.271605 1.13413
0.181818 0.271605 1.147
0.194805 0.271605 1.15985
0.207792 0.271605 1.17269
0.220779 0.271605 1.18551
0.233766 0.271605 1.19832
0.246753 0.271605 1.21112
0.25974 0.271605 1.22389
0.272727 0.271605 1.23665
0.285714 0.271605 1.24938
0.298701 0.271605 1.2621
0.311688 0.271605 1.27479
0.324675 0.271605 1.28746
0.337662 0.271605 1.3001
0.350649 0.271605 1.31271
0.363636 0.271605 1.3253
0.376623 0.271605 1.33787
0.38961 0.271605 1.3504
0.402597 0.271605 1.36291
0.415584 0.271605 1.37539
0.428571 0.271605 1.38784
0.441558 0.271605 1.40025
0.454545 0.271605 1.41262
0.467532 0.271605 1.42495
0.480519 0.271605 1.43723
0.493506 0.271605 1.44946
0.506494 0.271605 1.46162
0.519481 0.271605 1.47372
0.012987 0.283951 0.97626
0.025974 0.283951 0.989178
0.038961 0.283951 1.0021
0.0519481 0.283951 1.01502
0.0649351 0.283951 1.02793
0.0779221 0.283951 1.04085
0.0909091 0.283951 1.05377
0.103896 0.283951 1.06668
0.116883 0.283951 1.07959
0.12987 0.283951 1.0925
0.142857 0.283951 1.1054
0.155844 0.283951 1.1183
0.168831 0.283951 1.13118
0.181818 0.283951 1.14406
0.194805 0.283951 1.15692
0.207792 0.283951 1.16978
0.220779 0.283951 1.18262
0.233766 0.283951 1.19544
0.246753 0.283951 1.20824
0.25974 0.283951 1.22103
0.272727 0.283951 1.23379
0.285714 0.283951 1.24654
0.298701 0.283951 1.25926
0.311688 0.283951 1.27196
0.324675 0.283951 1.28463
0.337662 0.283951 1.29727
0.350649 0.283951 1.30989
0.363636 0.283951 1.32248
0.376623 0.283951 1.33504
0.38961 0.283951 1.34757
0.402597 0.283951 1.36007
0.415584 0.283951 1.37254
0.428571 0.283951 1.38496
0.441558 0.283951 1.39735
0.454545 0.283951 1.4097
0.467532 0.283951 1.422
0.480519 0.283951 1.43425
0.493506 0.283951 1.44643
0.506494 0.283951 1.45855
0.519481 0.283951 1.4706
0.012987 0.296296 0.972899
0.025974 0.296296 0.985842
0.038961 0.296296 0.998784
0.0519481 0.296296 1.01173
0.0649351 0.296296 1.02467
0.0779221 0.296296 1.03761
0.0909091 0.296296 1.05055
0.103896 0.296296 1.06348
0.116883 0.296296 1.07641
0.12987 0.296296 1.08933
0.142857 0.296296 1.10225
0.155844 0.296296 1.11516
0.168831 0.296296 1.12807
0.181818 0.296296 1.14096
0.194805 0.296296 1.15384
0.207792 0.296296 1.1667
0.220779 0.296296 1.17955
0.233766 0.296296 1.19239
0.246753 0.296296 1.2052
0.25974 0.296296 1.218
0.272727 0.296296 1.23077
0.285714 0.296296 1.24352
0.298701 0.296296 1.25625
0.311688 0.296296 1.26895
0.324675 0.296296 1.28163
0.337662 0.296296 1.29428
0.350649 0.296296 1.3069
0.363636 0.296296 1.31949
0.376623 0.296296 1.33204
0.38961 0.296296 1.34457
0.402597 0.296296 1.35706
0.415584 0.296296 1.36951
0.428571 0.296296 1.38192
0.441558 0.296296 1.39429
0.454545 0.296296 1.40661
0.467532 0.296296 1.41888
0.480519 0.296296 1.4311
0.493506 0.296296 1.44325
0.506494 0.296296 1.45533
0.519481 0.296296 1.46734
0.012987 0.308642 0.96939
0.025974 0.308642 0.982355
0.038961 0.308642 0.99532
0.0519481 0.308642 1.00828
0.0649351 0.308642 1.02125
0.0779221 0.308642 1.03421
0.0909091 0.308642 1.04717
0.103896 0.308642 1.06012
0.116883 0.308642 1.07307
0.12987 0.308642 1.08601
0.142857 0.308642 1.09894
0.155844 0.308642 1.11187
0.168831 0.308642 1.12479
0.181818 0.308642 1.13769
0.194805 0.308642 1.15059
0.207792 0.308642 1.16346
0.220779 0.308642 1.17633
0.233766 0.308642 1.18917
0.246753 0.308642 1.202
0.25974 0.308642 1.2148
0.272727 0.308642 1.22758
0.285714 0.308642 1.24034
0.298701 0.308642 1.25308
0.311688 0.308642 1.26578
0.324675 0.308642 1.27846
0.337662 0.308642 1.29111
0.350649 0.308642 1.30373
0.363636 0.308642 1.31632
0.376623 0.308642 1.32887
0.38961 0.308642 1.34139
0.402597 0.308642 1.35387
0.415584 0.308642 1.36631
0.428571 0.308642 1.37871
0.441558 0.308642 1.39105
0.454545 0.308642 1.40335
0.467532 0.308642 1.4156
0.480519 0.308642 1.42779
0.493506 0.308642 1.43991
0.506494 0.308642 1.45196
0.519481 0.308642 1.46393
0.012987 0.320988 0.965734
0.025974 0.320988 0.97872
0.038961 0.320988 0.991706
0.0519481 0.320988 1.00469
0.0649351 0.320988 1.01767
0.0779221 0.320988 1.03065
0.0909091 0.320988 1.04363
0.103896 0.320988 1.0566
0.116883 0.320988 1.06957
0.12987 0.320988 1.08253
0.142857 0.320988 1.09548
0.155844 0.320988 1.10842
0.168831 0.320988 1.12135
0.181818 0.320988 1.13427
0.194805 0.320988 1.14717
0.207792 0.320988 1.16006
0.220779 0.320988 1.17294
0.233766 0.320988 1.18579
0.246753 0.320988 1.19863
0.25974 0.320988 1.21144
0.272727 0.320988 1.22423
0.285714 0.320988 1.23699
0.298701 0.320988 1.24973
0.311688 0.320988 1.26245
0.324675 0.320988 1.27513
0.337662 0.320988 1.28778
0.350649 0.320988 1.3004
0.363636 0.320988 1.31298
0.376623 0.320988 1.32553
0.38961 0.320988 1.33804
0.402597 0.320988 1.35051
0.415584 0.320988 1.36294
0.428571 0.320988 1.37532
0.441558 0.320988 1.38766
0.454545 0.320988 1.39993
0.467532 0.320988 1.41216
0.480519 0.320988 1.42432
0.493506 0.320988 1.43641
0.506494 0.320988 1.44843
0.519481 0.320988 1.46038
0.012987 0.333333 0.961931
0.025974 0.333333 0.974937
0.038961 0.333333 0.987942
0.0519481 0.333333 1.00095
0.0649351 0.333333 1.01395
0.0779221 0.333333 1.02695
0.0909091 0.333333 1.03994
0.103896 0.333333 1.05293
0.116883 0.333333 1.06591
0.12987 0.333333 1.07889
0.142857 0.333333 1.09185
0.155844 0.333333 1.10481
0.168831 0.333333 1.11775
0.181818 0.333333 1.13068
0.194805 0.333333 1.1436
0.207792 0.333333 1.1565
0.220779 0.333333 1.16938
0.233766 0.333333 1.18225
0.246753 0.333333 1.19509
0.25974 0.333333 1.20791
0.272727 0.333333 1.22071
0.285714 0.333333 1.23348
0.298701 0.333333 1.24623
0.311688 0.333333 1.25894
0.324675 0.333333 1.27163
0.337662 0.333333 1.28428
0.350649 0.333333 1.2969
0.363636 0.333333 1.30948
0.376623 0.333333 1.32203
0.38961 0.333333 1.33453
0.402597 0.333333 1.34699
0.415584 0.333333 1.35941
0.428571 0.333333 1.37178
0.441558 0.333333 1.38409
0.454545 0.333333 1.39636
0.467532 0.333333 1.40856
0.480519 0.333333 1.42069
0.493506 0.333333 1.43276
0.506494 0.333333 1.44476
0.519481 0.333333 1.45668
0.012987 0.345679 0.957982
0.025974 0.345679 0.971007
0.038961 0.345679 0.98403
0.0519481 0.345679 0.997052
0.0649351 0.345679 1.01007
0.0779221 0.345679 1.02309
0.0909091 0.345679 1.0361
0.103896 0.345679 1.0491
0.116883 0.345679 1.0621
0.12987 0.345679 1.07509
0.142857 0.345679 1.08807
0.155844 0.345679 1.10104
0.168831 0.345679 1.114
0.181818 0.345679 1.12694
0.194805 0.345679 1.13987
0.207792 0.345679 1.15278
0.220779 0.345679 1.16567
0.233766 0.345679 1.17855
0.246753 0.345679 1.1914
0.25974 0.345679 1.20423
0.272727 0.345679 1.21703
0.285714 0.345679 1.22981
0.298701 0.345679 1.24256
0.311688 0.345679 1.25528
0.324675 0.345679 1.26796
0.337662 0.345679 1.28062
0.350649 0.345679 1.29324
0.363636 0.345679 1.30582
0.376623 0.345679 1.31836
0.38961 0.345679 1.33086
0.402597 0.345679 1.34331
0.415584 0.345679 1.35572
0.428571 0.345679 1.36807
0.441558 0.345679 1.38037
0.454545 0.345679 1.39262
0.467532 0.345679 1.4048
0.480519 0.345679 1.41692
0.493506 0.345679 1.42897
0.506494 0.345679 1.44094
0.519481 0.345679 1.45283
0.012987 0.358025 0.953888
0.025974 0.358025 0.96693
0.038961 0.358025 0.97997
0.0519481 0.358025 0.993009
0.0649351 0.358025 1.00604
0.0779221 0.358025 1.01908
0.0909091 0.358025 1.0321
0.103896 0.358025 1.04512
0.116883 0.358025 1.05814
0.12987 0.358025 1.07114
0.142857 0.358025 1.08413
0.155844 0.358025 1.09711
0.168831 0.358025 1.11008
0.181818 0.358025 1.12304
0.194805 0.358025 1.13598
0.207792 0.358025 1.1489
0.220779 0.358025 1.1618
0.233766 0.358025 1.17469
0.246753 0.358025 1.18755
0.25974 0.358025 1.20038
0.272727 0.358025 1.21319
0.285714 0.358025 1.22597
0.298701 0.358025 1.23873
0.311688 0.358025 1.25145
0.324675 0.358025 1.26414
0.337662 0.358025 1.27679
0.350649 0.358025 1.28941
0.363636 0.358025 1.30199
0.376623 0.358025 1.31453
0.38961 0.358025 1.32702
0.402597 0.358025 1.33947
0.415584 0.358025 1.35186
0.428571 0.358025 1.36421
0.441558 0.358025 1.3765
0.454545 0.358025 1.38873
0.467532 0.358025 1.40089
0.480519 0.358025 1.41299
0.493506 0.358025 1.42502
0.506494 0.358025 1.43698
0.519481 0.358025 1.44885
0.012987 0.37037 0.949649
0.025974 0.37037 0.962707
0.038961 0.37037 0.975764
0.0519481 0.37037 0.988818
0.0649351 0.37037 1.00187
0.0779221 0.37037 1.01492
0.0909091 0.37037 1.02796
0.103896 0.37037 1.04099
0.116883 0.37037 1.05402
0.12987 0.37037 1.06703
0.142857 0.37037 1.08004
0.155844 0.37037 1.09304
0.168831 0.37037 1.10602
0.181818 0.37037 1.11898
0.194805 0.37037 1.13193
0.207792 0.37037 1.14486
0.220779 0.37037 1.15778
0.233766 0.37037 1.17067
0.246753 0.37037 1.18353
0.25974 0.37037 1.19638
0.272727 0.37037 1.20919
0.285714 0.37037 1.22198
0.298701 0.37037 1.23474
0.311688 0.37037 1.24746
0.324675 0.37037 1.26015
0.337662 0.37037 1.27281
0.350649 0.37037 1.28543
0.363636 0.37037 1.298
0.376623 0.37037 1.31054
0.38961 0.37037 1.32302
0.402597 0.37037 1.33546
0.415584 0.37037 1.34785
0.428571 0.37037 1.36019
0.441558 0.37037 1.37247
0.454545 0.37037 1.38468
0.467532 0.37037 1.39684
0.480519 0.37037 1.40892
0.493506 0.37037 1.42093
0.506494 0.37037 1.43287
0.519481 0.37037 1.44472
0.012987 0.382716 0.945267
0.025974 0.382716 0.95834
0.038961 0.382716 0.971411
0.0519481 0.382716 0.98448
0.0649351 0.382716 0.997546
0.0779221 0.382716 1.01061
0.0909091 0.382716 1.02366
0.103896 0.382716 1.03671
0.116883 0.382716 1.04975
0.12987 0.382716 1.06278
0.142857 0.382716 1.0758
0.155844 0.382716 1.0888
0.168831 0.382716 1.10179
0.181818 0.382716 1.11477
0.194805 0.382716 1.12773
0.207792 0.382716 1.14067
0.220779 0.382716 1.15359
0.233766 0.382716 1.16649
0.246753 0.382716 1.17936
0.25974 0.382716 1.19221
0.272727 0.382716 1.20504
0.285714 0.382716 1.21783
0.298701 0.382716 1.23059
0.311688 0.382716 1.24332
0.324675 0.382716 1.25601
0.337662 0.382716 1.26867
0.350649 0.382716 1.28128
0.363636 0.382716 1.29386
0.376623 0.382716 1.30639
0.38961 0.382716 1.31887
0.402597 0.382716 1.33131
0.415584 0.382716 1.34369
0.428571 0.382716 1.35602
0.441558 0.382716 1.36828
0.454545 0.382716 1.38049
0.467532 0.382716 1.39263
0.480519 0.382716 1.4047
0.493506 0.382716 1.41669
0.506494 0.382716 1.42861
0.519481 0.382716 1.44045
0.012987 0.395062 0.940741
0.025974 0.395062 0.953828
0.038961 0.395062 0.966913
0.0519481 0.395062 0.979996
0.0649351 0.395062 0.993075
0.0779221 0.395062 1.00615
0.0909091 0.395062 1.01922
0.103896 0.395062 1.03228
0.116883 0.395062 1.04533
0.12987 0.395062 1.05837
0.142857 0.395062 1.0714
0.155844 0.395062 1.08442
0.168831 0.395062 1.09742
0.181818 0.395062 1.11041
0.194805 0.395062 1.12337
0.207792 0.395062 1.13632
0.220779 0.395062 1.14925
0.233766 0.395062 1.16216
0.246753 0.395062 1.17504
0.25974 0.395062 1.1879
0.272727 0.395062 1.20072
0.285714 0.395062 1.21352
0.298701 0.395062 1.22629
0.311688 0.395062 1.23902
0.324675 0.395062 1.25171
0.337662 0.395062 1.26437
0.350649 0.395062 1.27699
0.363636 0.395062 1.28956
0.376623 0.395062 1.30209
0.38961 0.395062 1.31457
0.402597 0.395062 1.327
0.415584 0.395062 1.33937
0.428571 0.395062 1.35169
0.441558 0.395062 1.36395
0.454545 0.395062 1.37614
0.467532 0.395062 1.38827
0.480519 0.395062 1.40033
0.493506 0.395062 1.41231
0.506494 0.395062 1.42422
0.519481 0.395062 1.43604
0.012987 0.407407 0.936073
0.025974 0.407407 0.949173
0.038961 0.407407 0.962271
0.0519481 0.407407 0.975367
0.0649351 0.407407 0.988459
0.0779221 0.407407 1.00155
0.0909091 0.407407 1.01463
0.103896 0.407407 1.0277
0.116883 0.407407 1.04076
0.12987 0.407407 1.05381
0.142857 0.407407 1.06685
0.155844 0.407407 1.07988
0.168831 0.407407 1.09289
0.181818 0.407407 1.10589
0.194805 0.407407 1.11887
0.207792 0.407407 1.13182
0.220779 0.407407 1.14476
0.233766 0.407407 1.15767
0.246753 0.407407 1.17056
0.25974 0.407407 1.18342
0.272727 0.407407 1.19626
0.285714 0.407407 1.20906
0.298701 0.407407 1.22183
0.311688 0.407407 1.23456
0.324675 0.407407 1.24726
0.337662 0.407407 1.25992
0.350649 0.407407 1.27253
0.363636 0.407407 1.28511
0.376623 0.407407 1.29763
0.38961 0.407407 1.31011
0.402597 0.407407 1.32253
0.415584 0.407407 1.3349
0.428571 0.407407 1.34722
0.441558 0.407407 1.35947
0.454545 0.407407 1.37165
0.467532 0.407407 1.38377
0.480519 0.407407 1.39582
0.493506 0.407407 1.40779
0.506494 0.407407 1.41968
0.519481 0.407407 1.4315
0.012987 0.419753 0.931264
0.025974 0.419753 0.944376
0.038961 0.419753 0.957486
0.0519481 0.419753 0.970594
0.0649351 0.419753 0.983697
0.0779221 0.419753 0.996795
0.0909091 0.419753 1.00989
0.103896 0.419753 1.02297
0.116883 0.419753 1.03604
0.12987 0.419753 1.04911
0.142857 0.419753 1.06216
0.155844 0.419753 1.07519
0.168831 0.419753 1.08822
0.181818 0.419753 1.10122
0.194805 0.419753 1.11421
0.207792 0.419753 1.12717
0.220779 0.419753 1.14012
0.233766 0.419753 1.15304
0.246753 0.419753 1.16593
0.25974 0.419753 1.1788
0.272727 0.419753 1.19164
0.285714 0.419753 1.20444
0.298701 0.419753 1.21721
0.311688 0.419753 1.22995
0.324675 0.419753 1.24265
0.337662 0.419753 1.25531
0.350649 0.419753 1.26793
0.363636 0.419753 1.2805
0.376623 0.419753 1.29302
0.38961 0.419753 1.3055
0.402597 0.419753 1.31792
0.415584 0.419753 1.33029
0.428571 0.419753 1.34259
0.441558 0.419753 1.35484
0.454545 0.419753 1.36702
0.467532 0.419753 1.37913
0.480519 0.419753 1.39117
0.493506 0.419753 1.40313
0.506494 0.419753 1.41501
0.519481 0.419753 1.42681
0.012987 0.432099 0.926313
0.025974 0.432099 0.939437
0.038961 0.432099 0.952558
0.0519481 0.432099 0.965677
0.0649351 0.432099 0.978791
0.0779221 0.432099 0.9919
0.0909091 0.432099 1.005
0.103896 0.432099 1.0181
0.116883 0.432099 1.03118
0.12987 0.432099 1.04425
0.142857 0.432099 1.05731
0.155844 0.432099 1.07036
0.168831 0.432099 1.08339
0.181818 0.432099 1.0964
0.194805 0.432099 1.1094
0.207792 0.432099 1.12237
0.220779 0.432099 1.13532
0.233766 0.432099 1.14825
0.246753 0.432099 1.16115
0.25974 0.432099 1.17402
0.272727 0.432099 1.18686
0.285714 0.432099 1.19967
0.298701 0.432099 1.21245
0.311688 0.432099 1.22519
0.324675 0.432099 1.23789
0.337662 0.432099 1.25055
0.350649 0.432099 1.26317
0.363636 0.432099 1.27574
0.376623 0.432099 1.28827
0.38961 0.432099 1.30074
0.402597 0.432099 1.31316
0.415584 0.432099 1.32552
0.428571 0.432099 1.33782
0.441558 0.432099 1.35006
0.454545 0.432099 1.36224
0.467532 0.432099 1.37434
0.480519 0.432099 1.38637
0.493506 0.432099 1.39832
0.506494 0.432099 1.4102
0.519481 0.432099 1.42199
0.012987 0.444444 0.921223
0.025974 0.444444 0.934357
0.038961 0.444444 0.947489
0.0519481 0.444444 0.960618
0.0649351 0.444444 0.973742
0.0779221 0.444444 0.986861
0.0909091 0.444444 0.999973
0.103896 0.444444 1.01308
0.116883 0.444444 1.02617
0.12987 0.444444 1.03925
0.142857 0.444444 1.05232
0.155844 0.444444 1.06538
0.168831 0.444444 1.07841
0.181818 0.444444 1.09143
0.194805 0.444444 1.10444
0.207792 0.444444 1.11742
0.220779 0.444444 1.13037
0.233766 0.444444 1.14331
0.246753 0.444444 1.15621
0.25974 0.444444 1.16909
0.272727 0.444444 1.18194
0.285714 0.444444 1.19476
0.298701 0.444444 1.20754
0.311688 0.444444 1.22028
0.324675 0.444444 1.23298
0.337662 0.444444 1.24565
0.350649 0.444444 1.25827
0.363636 0.444444 1.27084
0.376623 0.444444 1.28336
0.38961 0.444444 1.29583
0.402597 0.444444 1.30825
0.415584 0.444444 1.32061
0.428571 0.444444 1.33291
0.441558 0.444444 1.34514
0.454545 0.444444 1.35731
0.467532 0.444444 1.36941
0.480519 0.444444 1.38144
0.493506 0.444444 1.39338
0.506494 0.444444 1.40525
0.519481 0.444444 1.41703
0.012987 0.45679 0.915993
0.025974 0.45679 0.929137
0.038961 0.45679 0.942278
0.0519481 0.45679 0.955417
0.0649351 0.45679 0.968551
0.0779221 0.45679 0.981679
0.0909091 0.45679 0.9948
0.103896 0.45679 1.00791
0.116883 0.45679 1.02101
0.12987 0.45679 1.0341
0.142857 0.45679 1.04718
0.155844 0.45679 1.06024
0.168831 0.45679 1.07329
0.181818 0.45679 1.08632
0.194805 0.45679 1.09933
0.207792 0.45679 1.11232
0.220779 0.45679 1.12528
0.233766 0.45679 1.13822
0.246753 0.45679 1.15113
0.25974 0.45679 1.16402
0.272727 0.45679 1.17687
0.285714 0.45679 1.18969
0.298701 0.45679 1.20247
0.311688 0.45679 1.21522
0.324675 0.45679 1.22793
0.337662 0.45679 1.24059
0.350649 0.45679 1.25321
0.363636 0.45679 1.26579
0.376623 0.45679 1.27831
0.38961 0.45679 1.29078
0.402597 0.45679 1.3032
0.415584 0.45679 1.31556
0.428571 0.45679 1.32785
0.441558 0.45679 1.34008
0.454545 0.45679 1.35225
0.467532 0.45679 1.36434
0.480519 0.45679 1.37636
0.493506 0.45679 1.3883
0.506494 0.45679 1.40017
0.519481 0.45679 1.41194
0.012987 0.469136 0.910625
0.025974 0.469136 0.923778
0.038961 0.469136 0.936928
0.0519481 0.469136 0.950075
0.0649351 0.469136 0.963218
0.0779221 0.469136 0.976355
0.0909091 0.469136 0.989484
0.103896 0.469136 1.0026
0.116883 0.469136 1.01571
0.12987 0.469136 1.02881
0.142857 0.469136 1.0419
0.155844 0.469136 1.05497
0.168831 0.469136 1.06802
0.181818 0.469136 1.08106
0.194805 0.469136 1.09407
0.207792 0.469136 1.10707
0.220779 0.469136 1.12004
0.233766 0.469136 1.13298
0.246753 0.469136 1.1459
0.25974 0.469136 1.15879
0.272727 0.469136 1.17165
0.285714 0.469136 1.18447
0.298701 0.469136 1.19726
0.311688 0.469136 1.21001
0.324675 0.469136 1.22272
0.337662 0.469136 1.23539
0.350649 0.469136 1.24801
0.363636 0.469136 1.26059
0.376623 0.469136 1.27311
0.38961 0.469136 1.28558
0.402597 0.469136 1.298
0.415584 0.469136 1.31036
0.428571 0.469136 1.32265
0.441558 0.469136 1.33488
0.454545 0.469136 1.34704
0.467532 0.469136 1.35914
0.480519 0.469136 1.37115
0.493506 0.469136 1.38309
0.506494 0.469136 1.39495
0.519481 0.469136 1.40672
0.012987 0.481481 0.90512
0.025974 0.481481 0.91828
0.038961 0.481481 0.931439
0.0519481 0.481481 0.944594
0.0649351 0.481481 0.957745
0.0779221 0.481481 0.970889
0.0909091 0.481481 0.984026
0.103896 0.481481 0.997155
0.116883 0.481481 1.01027
0.12987 0.481481 1.02338
0.142857 0.481481 1.03647
0.155844 0.481481 1.04955
0.168831 0.481481 1.06261
0.181818 0.481481 1.07565
0.194805 0.481481 1.08867
0.207792 0.481481 1.10167
0.220779 0.481481 1.11465
0.233766 0.481481 1.1276
0.246753 0.481481 1.14052
0.25974 0.481481 1.15342
0.272727 0.481481 1.16628
0.285714 0.481481 1.17911
0.298701 0.481481 1.1919
0.311688 0.481481 1.20466
0.324675 0.481481 1.21737
0.337662 0.481481 1.23004
0.350649 0.481481 1.24267
0.363636 0.481481 1.25524
0.376623 0.481481 1.26777
0.38961 0.481481 1.28024
0.402597 0.481481 1.29266
0.415584 0.481481 1.30502
0.428571 0.481481 1.31731
0.441558 0.481481 1.32954
0.454545 0.481481 1.3417
0.467532 0.481481 1.35379
0.480519 0.481481 1.36581
0.493506 0.481481 1.37774
0.506494 0.481481 1.38959
0.519481 0.481481 1.40136
0.012987 0.493827 0.899478
0.025974 0.493827 0.912645
0.038961 0.493827 0.925811
0.0519481 0.493827 0.938974
0.0649351 0.493827 0.952132
0.0779221 0.493827 0.965284
0.0909091 0.493827 0.978428
0.103896 0.493827 0.991563
0.116883 0.493827 1.00469
0.12987 0.493827 1.0178
0.142857 0.493827 1.0309
0.155844 0.493827 1.04398
0.168831 0.493827 1.05705
0.181818 0.493827 1.0701
0.194805 0.493827 1.08313
0.207792 0.493827 1.09613
0.220779 0.493827 1.10912
0.233766 0.493827 1.12207
0.246753 0.493827 1.135
0.25974 0.493827 1.1479
0.272727 0.493827 1.16077
0.285714 0.493827 1.1736
0.298701 0.493827 1.1864
0.311688 0.493827 1.19916
0.324675 0.493827 1.21187
0.337662 0.493827 1.22455
0.350649 0.493827 1.23718
0.363636 0.493827 1.24976
0.376623 0.493827 1.26229
0.38961 0.493827 1.27476
0.402597 0.493827 1.28718
0.415584 0.493827 1.29954
0.428571 0.493827 1.31183
0.441558 0.493827 1.32406
0.454545 0.493827 1.33622
0.467532 0.493827 1.34831
0.480519 0.493827 1.36032
0.493506 0.493827 1.37226
0.506494 0.493827 1.38411
0.519481 0.493827 1.39588
0.012987 0.506173 0.8937
0.025974 0.506173 0.906874
0.038961 0.506173 0.920047
0.0519481 0.506173 0.933216
0.0649351 0.506173 0.94638
0.0779221 0.506173 0.959539
0.0909091 0.506173 0.97269
0.103896 0.506173 0.985831
0.116883 0.506173 0.998963
0.12987 0.506173 1.01208
0.142857 0.506173 1.02519
0.155844 0.506173 1.03828
0.168831 0.506173 1.05135
0.181818 0.506173 1.0644
0.194805 0.506173 1.07744
0.207792 0.506173 1.09045
0.220779 0.506173 1.10344
0.233766 0.506173 1.1164
0.246753 0.506173 1.12933
0.25974 0.506173 1.14224
0.272727 0.506173 1.15511
0.285714 0.506173 1.16795
0.298701 0.506173 1.18075
0.311688 0.506173 1.19351
0.324675 0.506173 1.20623
0.337662 0.506173 1.21891
0.350649 0.506173 1.23154
0.363636 0.506173 1.24413
0.376623 0.506173 1.25666
0.38961 0.506173 1.26914
0.402597 0.506173 1.28156
0.415584 0.506173 1.29392
0.428571 0.506173 1.30622
0.441558 0.506173 1.31845
0.454545 0.506173 1.33061
0.467532 0.506173 1.3427
0.480519 0.506173 1.35471
0.493506 0.506173 1.36664
0.506494 0.506173 1.37849
0.519481 0.506173 1.39026
0.012987 0.518519 0.887787
0.025974 0.518519 0.900967
0.038961 0.518519 0.914146
0.0519481 0.518519 0.927321
0.0649351 0.518519 0.940491
0.0779221 0.518519 0.953656
0.0909091 0.518519 0.966812
0.103896 0.518519 0.97996
0.116883 0.518519 0.993097
0.12987 0.518519 1.00622
0.142857 0.518519 1.01933
0.155844 0.518519 1.03243
0.168831 0.518519 1.04551
0.181818 0.518519 1.05857
0.194805 0.518519 1.07161
0.207792 0.518519 1.08462
0.220779 0.518519 1.09762
0.233766 0.518519 1.11058
0.246753 0.518519 1.12352
0.25974 0.518519 1.13643
0.272727 0.518519 1.14931
0.285714 0.518519 1.16215
0.298701 0.518519 1.17496
0.311688 0.518519 1.18773
0.324675 0.518519 1.20045
0.337662 0.518519 1.21313
0.350649 0.518519 1.22577
0.363636 0.518519 1.23836
0.376623 0.518519 1.25089
0.38961 0.518519 1.26337
0.402597 0.518519 1.2758
0.415584 0.518519 1.28816
0.428571 0.518519 1.30046
0.441558 0.518519 1.31269
0.454545 0.518519 1.32486
0.467532 0.518519 1.33695
0.480519 0.518519 1.34896
0.493506 0.518519 1.3609
0.506494 0.518519 1.37275
0.519481 0.518519 1.38452
0.012987 0.530864 0.88174
0.025974 0.530864 0.894926
0.038961 0.530864 0.908109
0.0519481 0.530864 0.92129
0.0649351 0.530864 0.934465
0.0779221 0.530864 0.947635
0.0909091 0.530864 0.960797
0.103896 0.530864 0.97395
0.116883 0.530864 0.987092
0.12987 0.530864 1.00022
0.142857 0.530864 1.01334
0.155844 0.530864 1.02644
0.168831 0.530864 1.03952
0.181818 0.530864 1.05259
0.194805 0.530864 1.06563
0.207792 0.530864 1.07866
0.220779 0.530864 1.09165
0.233766 0.530864 1.10463
0.246753 0.530864 1.11757
0.25974 0.530864 1.13048
0.272727 0.530864 1.14337
0.285714 0.530864 1.15621
0.298701 0.530864 1.16903
0.311688 0.530864 1.1818
0.324675 0.530864 1.19453
0.337662 0.530864 1.20722
0.350649 0.530864 1.21986
0.363636 0.530864 1.23245
0.376623 0.530864 1.24499
0.38961 0.530864 1.25747
0.402597 0.530864 1.2699
0.415584 0.530864 1.28227
0.428571 0.530864 1.29457
0.441558 0.530864 1.30681
0.454545 0.530864 1.31897
0.467532 0.530864 1.33107
0.480519 0.530864 1.34309
0.493506 0.530864 1.35502
0.506494 0.530864 1.36688
0.519481 0.530864 1.37864
0.012987 0.54321 0.87556
0.025974 0.54321 0.88875
0.038961 0.54321 0.901938
0.0519481 0.54321 0.915123
0.0649351 0.54321 0.928304
0.0779221 0.54321 0.941478
0.0909091 0.54321 0.954645
0.103896 0.54321 0.967802
0.116883 0.54321 0.980949
0.12987 0.54321 0.994084
0.142857 0.54321 1.0072
0.155844 0.54321 1.02031
0.168831 0.54321 1.0334
0.181818 0.54321 1.04647
0.194805 0.54321 1.05952
0.207792 0.54321 1.07255
0.220779 0.54321 1.08555
0.233766 0.54321 1.09853
0.246753 0.54321 1.11148
0.25974 0.54321 1.1244
0.272727 0.54321 1.13728
0.285714 0.54321 1.15013
0.298701 0.54321 1.16295
0.311688 0.54321 1.17573
0.324675 0.54321 1.18846
0.337662 0.54321 1.20116
0.350649 0.54321 1.2138
0.363636 0.54321 1.2264
0.376623 0.54321 1.23894
0.38961 0.54321 1.25143
0.402597 0.54321 1.26387
0.415584 0.54321 1.27624
0.428571 0.54321 1.28855
0.441558 0.54321 1.30079
0.454545 0.54321 1.31296
0.467532 0.54321 1.32506
0.480519 0.54321 1.33708
0.493506 0.54321 1.34902
0.506494 0.54321 1.36088
0.519481 0.54321 1.37265
0.012987 0.555556 0.869248
0.025974 0.555556 0.882442
0.038961 0.555556 0.895634
0.0519481 0.555556 0.908823
0.0649351 0.555556 0.922007
0.0779221 0.555556 0.935185
0.0909091 0.555556 0.948356
0.103896 0.555556 0.961518
0.116883 0.555556 0.974669
0.12987 0.555556 0.987808
0.142857 0.555556 1.00093
0.155844 0.555556 1.01404
0.168831 0.555556 1.02714
0.181818 0.555556 1.04021
0.194805 0.555556 1.05326
0.207792 0.555556 1.0663
0.220779 0.555556 1.0793
0.233766 0.555556 1.09229
0.246753 0.555556 1.10524
0.25974 0.555556 1.11816
0.272727 0.555556 1.13106
0.285714 0.555556 1.14391
0.298701 0.555556 1.15674
0.311688 0.555556 1.16952
0.324675 0.555556 1.18226
0.337662 0.555556 1.19496
0.350649 0.555556 1.20761
0.363636 0.555556 1.22021
0.376623 0.555556 1.23276
0.38961 0.555556 1.24526
0.402597 0.555556 1.2577
0.415584 0.555556 1.27008
0.428571 0.555556 1.28239
0.441558 0.555556 1.29464
0.454545 0.555556 1.30681
0.467532 0.555556 1.31892
0.480519 0.555556 1.33094
0.493506 0.555556 1.34289
0.506494 0.555556 1.35475
0.519481 0.555556 1.36652
0.012987 0.567901 0.862805
0.025974 0.567901 0.876002
0.038961 0.567901 0.889197
0.0519481 0.567901 0.902389
0.0649351 0.567901 0.915577
0.0779221 0.567901 0.928758
0.0909091 0.567901 0.941932
0.103896 0.567901 0.955098
0.116883 0.567901 0.968252
0.12987 0.567901 0.981395
0.142857 0.567901 0.994524
0.155844 0.567901 1.00764
0.168831 0.567901 1.02073
0.181818 0.567901 1.03381
0.194805 0.567901 1.04687
0.207792 0.567901 1.05991
0.220779 0.567901 1.07292
0.233766 0.567901 1.08591
0.246753 0.567901 1.09887
0.25974 0.567901 1.11179
0.272727 0.567901 1.12469
0.285714 0.567901 1.13756
0.298701 0.567901 1.15038
0.311688 0.567901 1.16317
0.324675 0.567901 1.17592
0.337662 0.567901 1.18862
0.350649 0.567901 1.20128
0.363636 0.567901 1.21389
0.376623 0.567901 1.22645
0.38961 0.567901 1.23895
0.402597 0.567901 1.25139
0.415584 0.567901 1.26378
0.428571 0.567901 1.2761
0.441558 0.567901 1.28835
0.454545 0.567901 1.30054
0.467532 0.567901 1.31265
0.480519 0.567901 1.32468
0.493506 0.567901 1.33663
0.506494 0.567901 1.3485
0.519481 0.567901 1.36028
0.012987 0.580247 0.856231
0.025974 0.580247 0.869431
0.038961 0.580247 0.882629
0.0519481 0.580247 0.895823
0.0649351 0.580247 0.909013
0.0779221 0.580247 0.922198
0.0909091 0.580247 0.935375
0.103896 0.580247 0.948542
0.116883 0.580247 0.9617
0.12987 0.580247 0.974846
0.142857 0.580247 0.987978
0.155844 0.580247 1.0011
0.168831 0.580247 1.0142
0.181818 0.580247 1.02728
0.194805 0.580247 1.04034
0.207792 0.580247 1.05338
0.220779 0.580247 1.0664
0.233766 0.580247 1.07939
0.246753 0.580247 1.09235
0.25974 0.580247 1.10529
0.272727 0.580247 1.11819
0.285714 0.580247 1.13106
0.298701 0.580247 1.14389
0.311688 0.580247 1.15668
0.324675 0.580247 1.16944
0.337662 0.580247 1.18215
0.350649 0.580247 1.19481
0.363636 0.580247 1.20743
0.376623 0.580247 1.21999
0.38961 0.580247 1.23251
0.402597 0.580247 1.24496
0.415584 0.580247 1.25735
0.428571 0.580247 1.26968
0.441558 0.580247 1.28194
0.454545 0.580247 1.29413
0.467532 0.580247 1.30625
0.480519 0.580247 1.31829
0.493506 0.580247 1.33025
0.506494 0.580247 1.34212
0.519481 0.580247 1.35391
0.012987 0.592593 0.849529
0.025974 0.592593 0.86273
0.038961 0.592593 0.87593
0.0519481 0.592593 0.889126
0.0649351 0.592593 0.902318
0.0779221 0.592593 0.915504
0.0909091 0.592593 0.928683
0.103896 0.592593 0.941854
0.116883 0.592593 0.955014
0.12987 0.592593 0.968162
0.142857 0.592593 0.981297
0.155844 0.592593 0.994417
0.168831 0.592593 1.00752
0.181818 0.592593 1.02061
0.194805 0.592593 1.03367
0.207792 0.592593 1.04672
0.220779 0.592593 1.05974
0.233766 0.592593 1.07273
0.246753 0.592593 1.0857
0.25974 0.592593 1.09864
0.272727 0.592593 1.11155
0.285714 0.592593 1.12442
0.298701 0.592593 1.13726
0.311688 0.592593 1.15006
0.324675 0.592593 1.16282
0.337662 0.592593 1.17554
0.350649 0.592593 1.18821
0.363636 0.592593 1.20084
0.376623 0.592593 1.21341
0.38961 0.592593 1.22593
0.402597 0.592593 1.23839
0.415584 0.592593 1.25079
0.428571 0.592593 1.26313
0.441558 0.592593 1.2754
0.454545 0.592593 1.2876
0.467532 0.592593 1.29973
0.480519 0.592593 1.31177
0.493506 0.592593 1.32374
0.506494 0.592593 1.33563
0.519481 0.592593 1.34742
0.012987 0.604938 0.842698
0.025974 0.604938 0.8559
0.038961 0.604938 0.869101
0.0519481 0.604938 0.882298
0.0649351 0.604938 0.895492
0.0779221 0.604938 0.908679
0.0909091 0.604938 0.92186
0.103896 0.604938 0.935032
0.116883 0.604938 0.948193
0.12987 0.604938 0.961344
0.142857 0.604938 0.974481
0.155844 0.604938 0.987603
0.168831 0.604938 1.00071
0.181818 0.604938 1.0138
0.194805 0.604938 1.02687
0.207792 0.604938 1.03991
0.220779 0.604938 1.05294
0.233766 0.604938 1.06594
0.246753 0.604938 1.07891
0.25974 0.604938 1.09185
0.272727 0.604938 1.10477
0.285714 0.604938 1.11765
0.298701 0.604938 1.13049
0.311688 0.604938 1.1433
0.324675 0.604938 1.15607
0.337662 0.604938 1.16879
0.350649 0.604938 1.18147
0.363636 0.604938 1.19411
0.376623 0.604938 1.20669
0.38961 0.604938 1.21922
0.402597 0.604938 1.23169
0.415584 0.604938 1.2441
0.428571 0.604938 1.25645
0.441558 0.604938 1.26873
0.454545 0.604938 1.28094
0.467532 0.604938 1.29308
0.480519 0.604938 1.30514
0.493506 0.604938 1.31712
0.506494 0.604938 1.32901
0.519481 0.604938 1.34081
0.012987 0.617284 0.83574
0.025974 0.617284 0.848942
0.038961 0.617284 0.862143
0.0519481 0.617284 0.875342
0.0649351 0.617284 0.888535
0.0779221 0.617284 0.901724
0.0909091 0.617284 0.914905
0.103896 0.617284 0.928078
0.116883 0.617284 0.941241
0.12987 0.617284 0.954392
0.142857 0.617284 0.967531
0.155844 0.617284 0.980655
0.168831 0.617284 0.993763
0.181818 0.617284 1.00685
0.194805 0.617284 1.01993
0.207792 0.617284 1.03298
0.220779 0.617284 1.046
0.233766 0.617284 1.05901
0.246753 0.617284 1.07198
0.25974 0.617284 1.08493
0.272727 0.617284 1.09785
0.285714 0.617284 1.11074
0.298701 0.617284 1.12359
0.311688 0.617284 1.1364
0.324675 0.617284 1.14918
0.337662 0.617284 1.16191
0.350649 0.617284 1.1746
0.363636 0.617284 1.18724
0.376623 0.617284 1.19984
0.38961 0.617284 1.21237
0.402597 0.617284 1.22486
0.415584 0.617284 1.23728
0.428571 0.617284 1.24964
0.441558 0.617284 1.26193
0.454545 0.617284 1.27416
0.467532 0.617284 1.28631
0.480519 0.617284 1.29838
0.493506 0.617284 1.31037
0.506494 0.617284 1.32227
0.519481 0.617284 1.33409
0.012987 0.62963 0.828656
0.025974 0.62963 0.841858
0.038961 0.62963 0.855058
0.0519481 0.62963 0.868256
0.0649351 0.62963 0.88145
0.0779221 0.62963 0.894638
0.0909091 0.62963 0.907819
0.103896 0.62963 0.920993
0.116883 0.62963 0.934156
0.12987 0.62963 0.947308
0.142857 0.62963 0.960448
0.155844 0.62963 0.973573
0.168831 0.62963 0.986683
0.181818 0.62963 0.999776
0.194805 0.62963 1.01285
0.207792 0.62963 1.0259
0.220779 0.62963 1.03893
0.233766 0.62963 1.05194
0.246753 0.62963 1.06492
0.25974 0.62963 1.07788
0.272727 0.62963 1.0908
0.285714 0.62963 1.10369
0.298701 0.62963 1.11655
0.311688 0.62963 1.12937
0.324675 0.62963 1.14215
0.337662 0.62963 1.1549
0.350649 0.62963 1.1676
0.363636 0.62963 1.18025
0.376623 0.62963 1.19285
0.38961 0.62963 1.2054
0.402597 0.62963 1.21789
0.415584 0.62963 1.23033
0.428571 0.62963 1.2427
0.441558 0.62963 1.25501
0.454545 0.62963 1.26725
0.467532 0.62963 1.27941
0.480519 0.62963 1.2915
0.493506 0.62963 1.3035
0.506494 0.62963 1.31542
0.519481 0.62963 1.32725
0.012987 0.641975 0.821447
0.025974 0.641975 0.834647
0.038961 0.641975 0.847847
0.0519481 0.641975 0.861044
0.0649351 0.641975 0.874236
0.0779221 0.641975 0.887424
0.0909091 0.641975 0.900604
0.103896 0.641975 0.913777
0.116883 0.641975 0.92694
0.12987 0.641975 0.940093
0.142857 0.641975 0.953233
0.155844 0.641975 0.966359
0.168831 0.641975 0.97947
0.181818 0.641975 0.992564
0.194805 0.641975 1.00564
0.207792 0.641975 1.0187
0.220779 0.641975 1.03173
0.233766 0.641975 1.04474
0.246753 0.641975 1.05773
0.25974 0.641975 1.07068
0.272727 0.641975 1.08361
0.285714 0.641975 1.09651
0.298701 0.641975 1.10938
0.311688 0.641975 1.1222
0.324675 0.641975 1.135
0.337662 0.641975 1.14775
0.350649 0.641975 1.16046
0.363636 0.641975 1.17312
0.376623 0.641975 1.18573
0.38961 0.641975 1.1983
0.402597 0.641975 1.2108
0.415584 0.641975 1.22325
0.428571 0.641975 1.23564
0.441558 0.641975 1.24796
0.454545 0.641975 1.26021
0.467532 0.641975 1.27239
0.480519 0.641975 1.28449
0.493506 0.641975 1.29651
0.506494 0.641975 1.30845
0.519481 0.641975 1.32029
0.012987 0.654321 0.814113
0.025974 0.654321 0.827312
0.038961 0.654321 0.84051
0.0519481 0.654321 0.853704
0.0649351 0.654321 0.866896
0.0779221 0.654321 0.880081
0.0909091 0.654321 0.893261
0.103896 0.654321 0.906432
0.116883 0.654321 0.919595
0.12987 0.654321 0.932747
0.142857 0.654321 0.945887
0.155844 0.654321 0.959013
0.168831 0.654321 0.972125
0.181818 0.654321 0.98522
0.194805 0.654321 0.998297
0.207792 0.654321 1.01135
0.220779 0.654321 1.02439
0.233766 0.654321 1.0374
0.246753 0.654321 1.05039
0.25974 0.654321 1.06336
0.272727 0.654321 1.07629
0.285714 0.654321 1.08919
0.298701 0.654321 1.10207
0.311688 0.654321 1.1149
0.324675 0.654321 1.1277
0.337662 0.654321 1.14046
0.350649 0.654321 1.15318
0.363636 0.654321 1.16586
0.376623 0.654321 1.17848
0.38961 0.654321 1.19106
0.402597 0.654321 1.20358
0.415584 0.654321 1.21605
0.428571 0.654321 1.22845
0.441558 0.654321 1.24079
0.454545 0.654321 1.25306
0.467532 0.654321 1.26526
0.480519 0.654321 1.27737
0.493506 0.654321 1.28941
0.506494 0.654321 1.30136
0.519481 0.654321 1.31322
0.012987 0.666667 0.806657
0.025974 0.666667 0.819853
0.038961 0.666667 0.833048
0.0519481 0.666667 0.84624
0.0649351 0.666667 0.859429
0.0779221 0.666667 0.872612
0.0909091 0.666667 0.88579
0.103896 0.666667 0.898959
0.116883 0.666667 0.91212
0.12987 0.666667 0.925271
0.142857 0.666667 0.93841
0.155844 0.666667 0.951536
0.168831 0.666667 0.964647
0.181818 0.666667 0.977743
0.194805 0.666667 0.990821
0.207792 0.666667 1.00388
0.220779 0.666667 1.01692
0.233766 0.666667 1.02993
0.246753 0.666667 1.04293
0.25974 0.666667 1.05589
0.272727 0.666667 1.06883
0.285714 0.666667 1.08174
0.298701 0.666667 1.09462
0.311688 0.666667 1.10747
0.324675 0.666667 1.12028
0.337662 0.666667 1.13305
0.350649 0.666667 1.14578
0.363636 0.666667 1.15846
0.376623 0.666667 1.1711
0.38961 0.666667 1.18369
0.402597 0.666667 1.19623
0.415584 0.666667 1.20871
0.428571 0.666667 1.22114
0.441558 0.666667 1.23349
0.454545 0.666667 1.24578
0.467532 0.666667 1.258
0.480519 0.666667 1.27014
0.493506 0.666667 1.28219
0.506494 0.666667 1.29417
0.519481 0.666667 1.30605
0.012987 0.679012 0.799079
0.025974 0.679012 0.812271
0.038961 0.679012 0.825463
0.0519481 0.679012 0.838651
0.0649351 0.679012 0.851836
0.0779221 0.679012 0.865017
0.0909091 0.679012 0.878191
0.103896 0.679012 0.891359
0.116883 0.679012 0.904517
0.12987 0.679012 0.917666
0.142857 0.679012 0.930803
0.155844 0.679012 0.943928
0.168831 0.679012 0.957039
0.181818 0.679012 0.970134
0.194805 0.679012 0.983213
0.207792 0.679012 0.996273
0.220779 0.679012 1.00931
0.233766 0.679012 1.02233
0.246753 0.679012 1.03533
0.25974 0.679012 1.0483
0.272727 0.679012 1.06124
0.285714 0.679012 1.07416
0.298701 0.679012 1.08704
0.311688 0.679012 1.0999
0.324675 0.679012 1.11271
0.337662 0.679012 1.1255
0.350649 0.679012 1.13824
0.363636 0.679012 1.15094
0.376623 0.679012 1.16359
0.38961 0.679012 1.1762
0.402597 0.679012 1.18875
0.415584 0.679012 1.20125
0.428571 0.679012 1.2137
0.441558 0.679012 1.22607
0.454545 0.679012 1.23838
0.467532 0.679012 1.25062
0.480519 0.679012 1.26278
0.493506 0.679012 1.27486
0.506494 0.679012 1.28686
0.519481 0.679012 1.29876
0.012987 0.691358 0.791381
0.025974 0.691358 0.804568
0.038961 0.691358 0.817755
0.0519481 0.691358 0.830939
0.0649351 0.691358 0.84412
0.0779221 0.691358 0.857297
0.0909091 0.691358 0.870467
0.103896 0.691358 0.883631
0.116883 0.691358 0.896787
0.12987 0.691358 0.909933
0.142857 0.691358 0.923068
0.155844 0.691358 0.936191
0.168831 0.691358 0.9493
0.181818 0.691358 0.962395
0.194805 0.691358 0.975473
0.207792 0.691358 0.988534
0.220779 0.691358 1.00157
0.233766 0.691358 1.0146
0.246753 0.691358 1.02759
0.25974 0.691358 1.04057
0.272727 0.691358 1.05352
0.285714 0.691358 1.06644
0.298701 0.691358 1.07933
0.311688 0.691358 1.09219
0.324675 0.691358 1.10502
0.337662 0.691358 1.11781
0.350649 0.691358 1.13057
0.363636 0.691358 1.14328
0.376623 0.691358 1.15595
0.38961 0.691358 1.16857
0.402597 0.691358 1.18115
0.415584 0.691358 1.19367
0.428571 0.691358 1.20613
0.441558 0.691358 1.21853
0.454545 0.691358 1.23086
0.467532 0.691358 1.24313
0.480519 0.691358 1.25531
0.493506 0.691358 1.26742
0.506494 0.691358 1.27944
0.519481 0.691358 1.29136
0.012987 0.703704 0.783563
0.025974 0.703704 0.796745
0.038961 0.703704 0.809926
0.0519481 0.703704 0.823105
0.0649351 0.703704 0.836281
0.0779221 0.703704 0.849452
0.0909091 0.703704 0.862619
0.103896 0.703704 0.875778
0.116883 0.703704 0.88893
0.12987 0.703704 0.902072
0.142857 0.703704 0.915204
0.155844 0.703704 0.928325
0.168831 0.703704 0.941432
0.181818 0.703704 0.954525
0.194805 0.703704 0.967603
0.207792 0.703704 0.980663
0.220779 0.703704 0.993705
0.233766 0.703704 1.00673
0.246753 0.703704 1.01973
0.25974 0.703704 1.0327
0.272727 0.703704 1.04566
0.285714 0.703704 1.05858
0.298701 0.703704 1.07148
0.311688 0.703704 1.08435
0.324675 0.703704 1.09719
0.337662 0.703704 1.10999
0.350649 0.703704 1.12276
0.363636 0.703704 1.13549
0.376623 0.703704 1.14818
0.38961 0.703704 1.16082
0.402597 0.703704 1.17341
0.415584 0.703704 1.18596
0.428571 0.703704 1.19844
0.441558 0.703704 1.21087
0.454545 0.703704 1.22323
0.467532 0.703704 1.23552
0.480519 0.703704 1.24773
0.493506 0.703704 1.25986
0.506494 0.703704 1.27191
0.519481 0.703704 1.28386
0.012987 0.716049 0.775626
0.025974 0.716049 0.788801
0.038961 0.716049 0.801976
0.0519481 0.716049 0.815149
0.0649351 0.716049 0.828319
0.0779221 0.716049 0.841485
0.0909091 0.716049 0.854646
0.103896 0.716049 0.8678
0.116883 0.716049 0.880947
0.12987 0.716049 0.894085
0.142857 0.716049 0.907213
0.155844 0.716049 0.920331
0.168831 0.716049 0.933435
0.181818 0.716049 0.946526
0.194805 0.716049 0.959602
0.207792 0.716049 0.972661
0.220779 0.716049 0.985703
0.233766 0.716049 0.998726
0.246753 0.716049 1.01173
0.25974 0.716049 1.02471
0.272727 0.716049 1.03767
0.285714 0.716049 1.0506
0.298701 0.716049 1.0635
0.311688 0.716049 1.07638
0.324675 0.716049 1.08923
0.337662 0.716049 1.10204
0.350649 0.716049 1.11482
0.363636 0.716049 1.12757
0.376623 0.716049 1.14027
0.38961 0.716049 1.15293
0.402597 0.716049 1.16555
0.415584 0.716049 1.17811
0.428571 0.716049 1.19063
0.441558 0.716049 1.20308
0.454545 0.716049 1.21547
0.467532 0.716049 1.22779
0.480519 0.716049 1.24003
0.493506 0.716049 1.2522
0.506494 0.716049 1.26427
0.519481 0.716049 1.27626
0.012987 0.728395 0.767572
0.025974 0.728395 0.78074
0.038961 0.728395 0.793907
0.0519481 0.728395 0.807073
0.0649351 0.728395 0.820236
0.0779221 0.728395 0.833395
0.0909091 0.728395 0.84655
0.103896 0.728395 0.859698
0.116883 0.728395 0.872839
0.12987 0.728395 0.885972
0.142857 0.728395 0.899096
0.155844 0.728395 0.912209
0.168831 0.728395 0.92531
0.181818 0.728395 0.938398
0.194805 0.728395 0.951471
0.207792 0.728395 0.964529
0.220779 0.728395 0.97757
0.233766 0.728395 0.990593
0.246753 0.728395 1.0036
0.25974 0.728395 1.01658
0.272727 0.728395 1.02954
0.285714 0.728395 1.04248
0.298701 0.728395 1.05539
0.311688 0.728395 1.06827
0.324675 0.728395 1.08113
0.337662 0.728395 1.09396
0.350649 0.728395 1.10675
0.363636 0.728395 1.11951
0.376623 0.728395 1.13223
0.38961 0.728395 1.14492
0.402597 0.728395 1.15756
0.415584 0.728395 1.17015
0.428571 0.728395 1.18269
0.441558 0.728395 1.19517
0.454545 0.728395 1.20759
0.467532 0.728395 1.21994
0.480519 0.728395 1.23222
0.493506 0.728395 1.24442
0.506494 0.728395 1.25653
0.519481 0.728395 1.26855
0.012987 0.740741 0.759402
0.025974 0.740741 0.772562
0.038961 0.740741 0.78572
0.0519481 0.740741 0.798878
0.0649351 0.740741 0.812033
0.0779221 0.740741 0.825184
0.0909091 0.740741 0.838331
0.103896 0.740741 0.851473
0.116883 0.740741 0.864608
0.12987 0.740741 0.877735
0.142857 0.740741 0.890853
0.155844 0.740741 0.903961
0.168831 0.740741 0.917057
0.181818 0.740741 0.930141
0.194805 0.740741 0.943212
0.207792 0.740741 0.956267
0.220779 0.740741 0.969307
0.233766 0.740741 0.982329
0.246753 0.740741 0.995332
0.25974 0.740741 1.00832
0.272727 0.740741 1.02128
0.285714 0.740741 1.03422
0.298701 0.740741 1.04714
0.311688 0.740741 1.06003
0.324675 0.740741 1.0729
0.337662 0.740741 1.08574
0.350649 0.740741 1.09854
0.363636 0.740741 1.11132
0.376623 0.740741 1.12406
0.38961 0.740741 1.13677
0.402597 0.740741 1.14943
0.415584 0.740741 1.16205
0.428571 0.740741 1.17462
0.441558 0.740741 1.18714
0.454545 0.740741 1.19959
0.467532 0.740741 1.21198
0.480519 0.740741 1.2243
0.493506 0.740741 1.23654
0.506494 0.740741 1.24869
0.519481 0.740741 1.26075
0.012987 0.753086 0.751118
0.025974 0.753086 0.764267
0.038961 0.753086 0.777416
0.0519481 0.753086 0.790564
0.0649351 0.753086 0.80371
0.0779221 0.753086 0.816853
0.0909091 0.753086 0.829992
0.103896 0.753086 0.843125
0.116883 0.753086 0.856253
0.12987 0.753086 0.869373
0.142857 0.753086 0.882485
0.155844 0.753086 0.895587
0.168831 0.753086 0.908678
0.181818 0.753086 0.921757
0.194805 0.753086 0.934824
0.207792 0.753086 0.947876
0.220779 0.753086 0.960913
0.233766 0.753086 0.973933
0.246753 0.753086 0.986937
0.25974 0.753086 0.999921
0.272727 0.753086 1.01289
0.285714 0.753086 1.02583
0.298701 0.753086 1.03875
0.311688 0.753086 1.05165
0.324675 0.753086 1.06453
0.337662 0.753086 1.07738
0.350649 0.753086 1.0902
0.363636 0.753086 1.103
0.376623 0.753086 1.11576
0.38961 0.753086 1.12849
0.402597 0.753086 1.14118
0.415584 0.753086 1.15382
0.428571 0.753086 1.16643
0.441558 0.753086 1.17898
0.454545 0.753086 1.19148
0.467532 0.753086 1.20391
0.480519 0.753086 1.21627
0.493506 0.753086 1.22855
0.506494 0.753086 1.24075
0.519481 0.753086 1.25285
0.012987 0.765432 0.742719
0.025974 0.765432 0.755858
0.038961 0.765432 0.768996
0.0519481 0.765432 0.782134
0.0649351 0.765432 0.795269
0.0779221 0.765432 0.808402
0.0909091 0.765432 0.821532
0.103896 0.765432 0.834656
0.116883 0.765432 0.847776
0.12987 0.765432 0.860888
0.142857 0.765432 0.873992
0.155844 0.765432 0.887087
0.168831 0.765432 0.900173
0.181818 0.765432 0.913246
0.194805 0.765432 0.926308
0.207792 0.765432 0.939356
0.220779 0.765432 0.952389
0.233766 0.765432 0.965407
0.246753 0.765432 0.978409
0.25974 0.765432 0.991393
0.272727 0.765432 1.00436
0.285714 0.765432 1.01731
0.298701 0.765432 1.03023
0.311688 0.765432 1.04314
0.324675 0.765432 1.05602
0.337662 0.765432 1.06889
0.350649 0.765432 1.08172
0.363636 0.765432 1.09453
0.376623 0.765432 1.10732
0.38961 0.765432 1.12007
0.402597 0.765432 1.13279
0.415584 0.765432 1.14547
0.428571 0.765432 1.15811
0.441558 0.765432 1.1707
0.454545 0.765432 1.18324
0.467532 0.765432 1.19572
0.480519 0.765432 1.20813
0.493506 0.765432 1.22046
0.506494 0.765432 1.23271
0.519481 0.765432 1.24486
0.012987 0.777778 0.734208
0.025974 0.777778 0.747335
0.038961 0.777778 0.760461
0.0519481 0.777778 0.773587
0.0649351 0.777778 0.786711
0.0779221 0.777778 0.799833
0.0909091 0.777778 0.812952
0.103896 0.777778 0.826067
0.116883 0.777778 0.839177
0.12987 0.777778 0.85228
0.142857 0.777778 0.865376
0.155844 0.777778 0.878464
0.168831 0.777778 0.891542
0.181818 0.777778 0.904609
0.194805 0.777778 0.917665
0.207792 0.777778 0.930707
0.220779 0.777778 0.943736
0.233766 0.777778 0.956751
0.246753 0.777778 0.96975
0.25974 0.777778 0.982733
0.272727 0.777778 0.995699
0.285714 0.777778 1.00865
0.298701 0.777778 1.02158
0.311688 0.777778 1.03449
0.324675 0.777778 1.04738
0.337662 0.777778 1.06025
0.350649 0.777778 1.0731
0.363636 0.777778 1.08593
0.376623 0.777778 1.09873
0.38961 0.777778 1.11151
0.402597 0.777778 1.12426
0.415584 0.777778 1.13698
0.428571 0.777778 1.14966
0.441558 0.777778 1.16229
0.454545 0.777778 1.17488
0.467532 0.777778 1.18741
0.480519 0.777778 1.19988
0.493506 0.777778 1.21226
0.506494 0.777778 1.22457
0.519481 0.777778 1.23677
0.012987 0.790123 0.725586
0.025974 0.790123 0.738699
0.038961 0.790123 0.751812
0.0519481 0.790123 0.764924
0.0649351 0.790123 0.778036
0.0779221 0.790123 0.791146
0.0909091 0.790123 0.804254
0.103896 0.790123 0.817358
0.116883 0.790123 0.830457
0.12987 0.790123 0.843551
0.142857 0.790123 0.856638
0.155844 0.790123 0.869717
0.168831 0.790123 0.882786
0.181818 0.790123 0.895846
0.194805 0.790123 0.908895
0.207792 0.790123 0.921931
0.220779 0.790123 0.934955
0.233766 0.790123 0.947964
0.246753 0.790123 0.96096
0.25974 0.790123 0.97394
0.272727 0.790123 0.986904
0.285714 0.790123 0.999853
0.298701 0.790123 1.01279
0.311688 0.790123 1.0257
0.324675 0.790123 1.0386
0.337662 0.790123 1.05148
0.350649 0.790123 1.06434
0.363636 0.790123 1.07719
0.376623 0.790123 1.09001
0.38961 0.790123 1.10282
0.402597 0.790123 1.1156
0.415584 0.790123 1.12835
0.428571 0.790123 1.14107
0.441558 0.790123 1.15375
0.454545 0.790123 1.1664
0.467532 0.790123 1.17899
0.480519 0.790123 1.19151
0.493506 0.790123 1.20397
0.506494 0.790123 1.21633
0.519481 0.790123 1.2286
0.012987 0.802469 0.716854
0.025974 0.802469 0.729951
0.038961 0.802469 0.74305
0.0519481 0.802469 0.756148
0.0649351 0.802469 0.769246
0.0779221 0.802469 0.782343
0.0909091 0.802469 0.795438
0.103896 0.802469 0.80853
0.116883 0.802469 0.821618
0.12987 0.802469 0.834701
0.142857 0.802469 0.847777
0.155844 0.802469 0.860847
0.168831 0.802469 0.873907
0.181818 0.802469 0.886959
0.194805 0.802469 0.899999
0.207792 0.802469 0.913028
0.220779 0.802469 0.926045
0.233766 0.802469 0.939048
0.246753 0.802469 0.952039
0.25974 0.802469 0.965015
0.272727 0.802469 0.977976
0.285714 0.802469 0.990923
0.298701 0.802469 1.00386
0.311688 0.802469 1.01677
0.324675 0.802469 1.02968
0.337662 0.802469 1.04257
0.350649 0.802469 1.05544
0.363636 0.802469 1.0683
0.376623 0.802469 1.08115
0.38961 0.802469 1.09398
0.402597 0.802469 1.10679
0.415584 0.802469 1.11958
0.428571 0.802469 1.13235
0.441558 0.802469 1.14508
0.454545 0.802469 1.15779
0.467532 0.802469 1.17044
0.480519 0.802469 1.18304
0.493506 0.802469 1.19557
0.506494 0.802469 1.20801
0.519481 0.802469 1.22035
0.012987 0.814815 0.708013
0.025974 0.814815 0.721093
0.038961 0.814815 0.734175
0.0519481 0.814815 0.747258
0.0649351 0.814815 0.760341
0.0779221 0.814815 0.773423
0.0909091 0.814815 0.786505
0.103896 0.814815 0.799584
0.116883 0.814815 0.812659
0.12987 0.814815 0.825731
0.142857 0.814815 0.838796
0.155844 0.814815 0.851855
0.168831 0.814815 0.864906
0.181818 0.814815 0.877947
0.194805 0.814815 0.890978
0.207792 0.814815 0.903999
0.220779 0.814815 0.917007
0.233766 0.814815 0.930004
0.246753 0.814815 0.942987
0.25974 0.814815 0.955957
0.272727 0.814815 0.968914
0.285714 0.814815 0.981858
0.298701 0.814815 0.994789
0.311688 0.814815 1.00771
0.324675 0.814815 1.02061
0.337662 0.814815 1.03351
0.350649 0.814815 1.04639
0.363636 0.814815 1.05927
0.376623 0.814815 1.07213
0.38961 0.814815 1.08499
0.402597 0.814815 1.09783
0.415584 0.814815 1.11067
0.428571 0.814815 1.12348
0.441558 0.814815 1.13628
0.454545 0.814815 1.14904
0.467532 0.814815 1.16177
0.480519 0.814815 1.17445
0.493506 0.814815 1.18706
0.506494 0.814815 1.19959
0.519481 0.814815 1.21202
0.012987 0.82716 0.699064
0.025974 0.82716 0.712126
0.038961 0.82716 0.72519
0.0519481 0.82716 0.738255
0.0649351 0.82716 0.751322
0.0779221 0.82716 0.764388
0.0909091 0.82716 0.777455
0.103896 0.82716 0.79052
0.116883 0.82716 0.803583
0.12987 0.82716 0.816641
0.142857 0.82716 0.829695
0.155844 0.82716 0.842742
0.168831 0.82716 0.855782
0.181818 0.82716 0.868813
0.194805 0.82716 0.881834
0.207792 0.82716 0.894844
0.220779 0.82716 0.907843
0.233766 0.82716 0.92083
0.246753 0.82716 0.933805
0.25974 0.82716 0.946768
0.272727 0.82716 0.959718
0.285714 0.82716 0.972657
0.298701 0.82716 0.985584
0.311688 0.82716 0.9985
0.324675 0.82716 1.01141
0.337662 0.82716 1.02431
0.350649 0.82716 1.0372
0.363636 0.82716 1.05009
0.376623 0.82716 1.06297
0.38961 0.82716 1.07585
0.402597 0.82716 1.08873
0.415584 0.82716 1.1016
0.428571 0.82716 1.11447
0.441558 0.82716 1.12732
0.454545 0.82716 1.14016
0.467532 0.82716 1.15298
0.480519 0.82716 1.16575
0.493506 0.82716 1.17846
0.506494 0.82716 1.19109
0.519481 0.82716 1.20362
0.012987 0.839506 0.690008
0.025974 0.839506 0.70305
0.038961 0.839506 0.716094
0.0519481 0.839506 0.72914
0.0649351 0.839506 0.742189
0.0779221 0.839506 0.755239
0.0909091 0.839506 0.76829
0.103896 0.839506 0.78134
0.116883 0.839506 0.794388
0.12987 0.839506 0.807434
0.142857 0.839506 0.820474
0.155844 0.839506 0.833509
0.168831 0.839506 0.846537
0.181818 0.839506 0.859556
0.194805 0.839506 0.872566
0.207792 0.839506 0.885565
0.220779 0.839506 0.898553
0.233766 0.839506 0.91153
0.246753 0.839506 0.924495
0.25974 0.839506 0.937448
0.272727 0.839506 0.950389
0.285714 0.839506 0.963319
0.298701 0.839506 0.97624
0.311688 0.839506 0.989152
0.324675 0.839506 1.00206
0.337662 0.839506 1.01496
0.350649 0.839506 1.02785
0.363636 0.839506 1.04075
0.376623 0.839506 1.05365
0.38961 0.839506 1.06655
0.402597 0.839506 1.07946
0.415584 0.839506 1.09237
0.428571 0.839506 1.1053
0.441558 0.839506 1.11822
0.454545 0.839506 1.13114
0.467532 0.839506 1.14405
0.480519 0.839506 1.15692
0.493506 0.839506 1.16975
0.506494 0.839506 1.1825
0.519481 0.839506 1.19515
0.012987 0.851852 0.680847
0.025974 0.851852 0.693866
0.038961 0.851852 0.706888
0.0519481 0.851852 0.719914
0.0649351 0.851852 0.732943
0.0779221 0.851852 0.745975
0.0909091 0.851852 0.759009
0.103896 0.851852 0.772044
0.116883 0.851852 0.785077
0.12987 0.851852 0.798109
0.142857 0.851852 0.811136
0.155844 0.851852 0.824158
0.168831 0.851852 0.837173
0.181818 0.851852 0.850179
0.194805 0.851852 0.863176
0.207792 0.851852 0.876163
0.220779 0.851852 0.889139
0.233766 0.851852 0.902103
0.246753 0.851852 0.915056
0.25974 0.851852 0.927997
0.272727 0.851852 0.940927
0.285714 0.851852 0.953846
0.298701 0.851852 0.966757
0.311688 0.851852 0.979661
0.324675 0.851852 0.99256
0.337662 0.851852 1.00546
0.350649 0.851852 1.01835
0.363636 0.851852 1.03126
0.376623 0.851852 1.04417
0.38961 0.851852 1.05709
0.402597 0.851852 1.07003
0.415584 0.851852 1.08298
0.428571 0.851852 1.09596
0.441558 0.851852 1.10895
0.454545 0.851852 1.12196
0.467532 0.851852 1.13497
0.480519 0.851852 1.14797
0.493506 0.851852 1.16093
0.506494 0.851852 1.17383
0.519481 0.851852 1.18663
0.012987 0.864198 0.671581
0.025974 0.864198 0.684575
0.038961 0.864198 0.697573
0.0519481 0.864198 0.710576
0.0649351 0.864198 0.723585
0.0779221 0.864198 0.736597
0.0909091 0.864198 0.749614
0.103896 0.864198 0.762632
0.116883 0.864198 0.77565
0.12987 0.864198 0.788667
0.142857 0.864198 0.80168
0.155844 0.864198 0.814688
0.168831 0.864198 0.82769
0.181818 0.864198 0.840683
0.194805 0.864198 0.853666
0.207792 0.864198 0.866639
0.220779 0.864198 0.879601
0.233766 0.864198 0.892551
0.246753 0.864198 0.905489
0.25974 0.864198 0.918416
0.272727 0.864198 0.931332
0.285714 0.864198 0.944238
0.298701 0.864198 0.957136
0.311688 0.864198 0.970028
0.324675 0.864198 0.982916
0.337662 0.864198 0.995805
0.350649 0.864198 1.0087
0.363636 0.864198 1.0216
0.376623 0.864198 1.03452
0.38961 0.864198 1.04745
0.402597 0.864198 1.06041
0.415584 0.864198 1.07341
0.428571 0.864198 1.08644
0.441558 0.864198 1.0995
0.454545 0.864198 1.11261
0.467532 0.864198 1.12574
0.480519 0.864198 1.13888
0.493506 0.864198 1.15201
0.506494 0.864198 1.16508
0.519481 0.864198 1.17806
0.012987 0.876543 0.662212
0.025974 0.876543 0.675177
0.038961 0.876543 0.688148
0.0519481 0.876543 0.701127
0.0649351 0.876543 0.714113
0.0779221 0.876543 0.727106
0.0909091 0.876543 0.740104
0.103896 0.876543 0.753105
0.116883 0.876543 0.766108
0.12987 0.876543 0.77911
0.142857 0.876543 0.792109
0.155844 0.876543 0.805103
0.168831 0.876543 0.81809
0.181818 0.876543 0.831068
0.194805 0.876543 0.844037
0.207792 0.876543 0.856995
0.220779 0.876543 0.869941
0.233766 0.876543 0.882875
0.246753 0.876543 0.895797
0.25974 0.876543 0.908707
0.272727 0.876543 0.921606
0.285714 0.876543 0.934495
0.298701 0.876543 0.947376
0.311688 0.876543 0.960252
0.324675 0.876543 0.973125
0.337662 0.876543 0.986
0.350649 0.876543 0.998882
0.363636 0.876543 1.01178
0.376623 0.876543 1.02469
0.38961 0.876543 1.03764
0.402597 0.876543 1.05062
0.415584 0.876543 1.06364
0.428571 0.876543 1.07672
0.441558 0.876543 1.08986
0.454545 0.876543 1.10306
0.467532 0.876543 1.11633
0.480519 0.876543 1.12963
0.493506 0.876543 1.14296
0.506494 0.876543 1.15625
0.519481 0.876543 1.16945
0.012987 0.888889 0.652739
0.025974 0.888889 0.665672
0.038961 0.888889 0.678613
0.0519481 0.888889 0.691565
0.0649351 0.888889 0.704528
0.0779221 0.888889 0.7175
0.0909091 0.888889 0.73048
0.103896 0.888889 0.743464
0.116883 0.888889 0.756451
0.12987 0.888889 0.769438
0.142857 0.888889 0.782422
0.155844 0.888889 0.795402
0.168831 0.888889 0.808374
0.181818 0.888889 0.821337
0.194805 0.888889 0.834291
0.207792 0.888889 0.847232
0.220779 0.888889 0.860162
0.233766 0.888889 0.873078
0.246753 0.888889 0.885981
0.25974 0.888889 0.898872
0.272727 0.888889 0.911751
0.285714 0.888889 0.924619
0.298701 0.888889 0.937479
0.311688 0.888889 0.950333
0.324675 0.888889 0.963186
0.337662 0.888889 0.976041
0.350649 0.888889 0.988905
0.363636 0.888889 1.00179
0.376623 0.888889 1.01469
0.38961 0.888889 1.02763
0.402597 0.888889 1.04062
0.415584 0.888889 1.05367
0.428571 0.888889 1.06679
0.441558 0.888889 1.08
0.454545 0.888889 1.0933
0.467532 0.888889 1.10671
0.480519 0.888889 1.1202
0.493506 0.888889 1.13376
0.506494 0.888889 1.14733
0.519481 0.888889 1.16082
0.012987 0.901235 0.643163
0.025974 0.901235 0.656059
0.038961 0.901235 0.668967
0.0519481 0.901235 0.68189
0.0649351 0.901235 0.694828
0.0779221 0.901235 0.707779
0.0909091 0.901235 0.720741
0.103896 0.901235 0.733709
0.116883 0.901235 0.746681
0.12987 0.901235 0.759653
0.142857 0.901235 0.772623
0.155844 0.901235 0.785587
0.168831 0.901235 0.798545
0.181818 0.901235 0.811492
0.194805 0.901235 0.824429
0.207792 0.901235 0.837353
0.220779 0.901235 0.850264
0.233766 0.901235 0.863161
0.246753 0.901235 0.876043
0.25974 0.901235 0.888912
0.272727 0.901235 0.901768
0.285714 0.901235 0.914612
0.298701 0.901235 0.927446
0.311688 0.901235 0.940274
0.324675 0.901235 0.953099
0.337662 0.901235 0.965927
0.350649 0.901235 0.978765
0.363636 0.901235 0.99162
0.376623 0.901235 1.0045
0.38961 0.901235 1.01743
0.402597 0.901235 1.03041
0.415584 0.901235 1.04347
0.428571 0.901235 1.05662
0.441558 0.901235 1.06989
0.454545 0.901235 1.08329
0.467532 0.901235 1.09685
0.480519 0.901235 1.11055
0.493506 0.901235 1.12439
0.506494 0.901235 1.1383
0.519481 0.901235 1.15217
0.012987 0.91358 0.633483
0.025974 0.91358 0.646336
0.038961 0.91358 0.659207
0.0519481 0.91358 0.6721
0.0649351 0.91358 0.685013
0.0779221 0.91358 0.697943
0.0909091 0.91358 0.710887
0.103896 0.91358 0.72384
0.116883 0.91358 0.736798
0.12987 0.91358 0.749756
0.142857 0.91358 0.762712
0.155844 0.91358 0.775662
0.168831 0.91358 0.788604
0.181818 0.91358 0.801535
0.194805 0.91358 0.814455
0.207792 0.91358 0.82736
0.220779 0.91358 0.840251
0.233766 0.91358 0.853127
0.246753 0.91358 0.865986
0.25974 0.91358 0.87883
0.272727 0.91358 0.89166
0.285714 0.91358 0.904475
0.298701 0.91358 0.917279
0.311688 0.91358 0.930075
0.324675 0.91358 0.942867
0.337662 0.91358 0.95566
0.350649 0.91358 0.968462
0.363636 0.91358 0.981281
0.376623 0.91358 0.99413
0.38961 0.91358 1.00702
0.402597 0.91358 1.01998
0.415584 0.91358 1.03303
0.428571 0.91358 1.04619
0.441558 0.91358 1.05949
0.454545 0.91358 1.07298
0.467532 0.91358 1.08668
0.480519 0.91358 1.10062
0.493506 0.91358 1.11479
0.506494 0.91358 1.12913
0.519481 0.91358 1.14352
0.012987 0.925926 0.623697
0.025974 0.925926 0.636498
0.038961 0.925926 0.649328
0.0519481 0.925926 0.662189
0.0649351 0.925926 0.675078
0.0779221 0.925926 0.68799
0.0909091 0.925926 0.700919
0.103896 0.925926 0.713858
0.116883 0.925926 0.726803
0.12987 0.925926 0.739748
0.142857 0.925926 0.752691
0.155844 0.925926 0.765627
0.168831 0.925926 0.778553
0.181818 0.925926 0.791469
0.194805 0.925926 0.80437
0.207792 0.925926 0.817256
0.220779 0.925926 0.830126
0.233766 0.925926 0.842979
0.246753 0.925926 0.855813
0.25974 0.925926 0.86863
0.272727 0.925926 0.88143
0.285714 0.925926 0.894213
0.298701 0.925926 0.906982
0.311688 0.925926 0.919741
0.324675 0.925926 0.932492
0.337662 0.925926 0.945241
0.350649 0.925926 0.957996
0.363636 0.925926 0.970767
0.376623 0.925926 0.983567
0.38961 0.925926 0.996411
0.402597 0.925926 1.00932
0.415584 0.925926 1.02233
0.428571 0.925926 1.03547
0.441558 0.925926 1.04878
0.454545 0.925926 1.06232
0.467532 0.925926 1.07614
0.480519 0.925926 1.09031
0.493506 0.925926 1.10486
0.506494 0.925926 1.11976
0.519481 0.925926 1.13486
0.012987 0.938272 0.613801
0.025974 0.938272 0.62654
0.038961 0.938272 0.639324
0.0519481 0.938272 0.652154
0.0649351 0.938272 0.665022
0.0779221 0.938272 0.677919
0.0909091 0.938272 0.690835
0.103896 0.938272 0.703764
0.116883 0.938272 0.716698
0.12987 0.938272 0.729632
0.142857 0.938272 0.742562
0.155844 0.938272 0.755485
0.168831 0.938272 0.768396
0.181818 0.938272 0.781295
0.194805 0.938272 0.794178
0.207792 0.938272 0.807044
0.220779 0.938272 0.819892
0.233766 0.938272 0.832719
0.246753 0.938272 0.845527
0.25974 0.938272 0.858314
0.272727 0.938272 0.871081
0.285714 0.938272 0.883829
0.298701 0.938272 0.896559
0.311688 0.938272 0.909274
0.324675 0.938272 0.921978
0.337662 0.938272 0.934675
0.350649 0.938272 0.947373
0.363636 0.938272 0.960082
0.376623 0.938272 0.972814
0.38961 0.938272 0.985588
0.402597 0.938272 0.998425
0.415584 0.938272 1.01136
0.428571 0.938272 1.02443
0.441558 0.938272 1.0377
0.454545 0.938272 1.05124
0.467532 0.938272 1.06514
0.480519 0.938272 1.07951
0.493506 0.938272 1.09445
0.506494 0.938272 1.11003
0.519481 0.938272 1.12611
0.012987 0.950617 0.603784
0.025974 0.950617 0.616445
0.038961 0.950617 0.629183
0.0519481 0.950617 0.641986
0.0649351 0.950617 0.654839
0.0779221 0.950617 0.667727
0.0909091 0.950617 0.680637
0.103896 0.950617 0.693558
0.116883 0.950617 0.706484
0.12987 0.950617 0.719409
0.142857 0.950617 0.732329
0.155844 0.950617 0.745239
0.168831 0.950617 0.758136
0.181818 0.950617 0.771018
0.194805 0.950617 0.783882
0.207792 0.950617 0.796727
0.220779 0.950617 0.809551
0.233766 0.950617 0.822353
0.246753 0.950617 0.835132
0.25974 0.950617 0.847888
0.272727 0.950617 0.860619
0.285714 0.950617 0.873328
0.298701 0.950617 0.886015
0.311688 0.950617 0.898681
0.324675 0.950617 0.911331
0.337662 0.950617 0.923968
0.350649 0.950617 0.936598
0.363636 0.950617 0.949231
0.376623 0.950617 0.961879
0.38961 0.950617 0.974558
0.402597 0.950617 0.987291
0.415584 0.950617 1.00011
0.428571 0.950617 1.01307
0.441558 0.950617 1.02622
0.454545 0.950617 1.03967
0.467532 0.950617 1.05354
0.480519 0.950617 1.06802
0.493506 0.950617 1.08332
0.506494 0.950617 1.09967
0.519481 0.950617 1.11712
0.012987 0.962963 0.593621
0.025974 0.962963 0.60619
0.038961 0.962963 0.618887
0.0519481 0.962963 0.631677
0.0649351 0.962963 0.644527
0.0779221 0.962963 0.657415
0.0909091 0.962963 0.670325
0.103896 0.962963 0.683244
0.116883 0.962963 0.696166
0.12987 0.962963 0.709084
0.142857 0.962963 0.721994
0.155844 0.962963 0.734892
0.168831 0.962963 0.747775
0.181818 0.962963 0.76064
0.194805 0.962963 0.773485
0.207792 0.962963 0.786309
0.220779 0.962963 0.799109
0.233766 0.962963 0.811884
0.246753 0.962963 0.824633
0.25974 0.962963 0.837354
0.272727 0.962963 0.850049
0.285714 0.962963 0.862715
0.298701 0.962963 0.875355
0.311688 0.962963 0.887968
0.324675 0.962963 0.900558
0.337662 0.962963 0.913127
0.350649 0.962963 0.92568
0.363636 0.962963 0.938224
0.376623 0.962963 0.95077
0.38961 0.962963 0.963332
0.402597 0.962963 0.97593
0.415584 0.962963 0.988595
0.428571 0.962963 1.00137
0.441558 0.962963 1.01433
0.454545 0.962963 1.02756
0.467532 0.962963 1.04125
0.480519 0.962963 1.05562
0.493506 0.962963 1.07108
0.506494 0.962963 1.08816
0.519481 0.962963 1.10741
0.012987 0.975309 0.583254
0.025974 0.975309 0.595728
0.038961 0.975309 0.608414
0.0519481 0.975309 0.621217
0.0649351 0.975309 0.634085
0.0779221 0.975309 0.646986
0.0909091 0.975309 0.659903
0.103896 0.975309 0.672825
0.116883 0.975309 0.685746
0.12987 0.975309 0.698659
0.142857 0.975309 0.711561
0.155844 0.975309 0.724448
0.168831 0.975309 0.737317
0.181818 0.975309 0.750165
0.194805 0.975309 0.762992
0.207792 0.975309 0.775793
0.220779 0.975309 0.788569
0.233766 0.975309 0.801316
0.246753 0.975309 0.814033
0.25974 0.975309 0.82672
0.272727 0.975309 0.839375
0.285714 0.975309 0.851997
0.298701 0.975309 0.864586
0.311688 0.975309 0.877143
0.324675 0.975309 0.889668
0.337662 0.975309 0.902163
0.350649 0.975309 0.91463
0.363636 0.975309 0.927075
0.376623 0.975309 0.939504
0.38961 0.975309 0.951928
0.402597 0.975309 0.964361
0.415584 0.975309 0.976827
0.428571 0.975309 0.989363
0.441558 0.975309 1.00202
0.454545 0.975309 1.0149
0.467532 0.975309 1.02816
0.480519 0.975309 1.04209
0.493506 0.975309 1.05721
0.506494 0.975309 1.07452
0.519481 0.975309 1.09576
0.012987 0.987654 0.572517
0.025974 0.987654 0.584987
0.038961 0.987654 0.597743
0.0519481 0.987654 0.610607
0.0649351 0.987654 0.623516
0.0779221 0.987654 0.636444
0.0909091 0.987654 0.649377
0.103896 0.987654 0.662307
0.116883 0.987654 0.675229
0.12987 0.987654 0.688139
0.142857 0.987654 0.701034
0.155844 0.987654 0.71391
0.168831 0.987654 0.726766
0.181818 0.987654 0.739598
0.194805 0.987654 0.752405
0.207792 0.987654 0.765185
0.220779 0.987654 0.777935
0.233766 0.987654 0.790654
0.246753 0.987654 0.803339
0.25974 0.987654 0.81599
0.272727 0.987654 0.828604
0.285714 0.987654 0.84118
0.298701 0.987654 0.853717
0.311688 0.987654 0.866214
0.324675 0.987654 0.878671
0.337662 0.987654 0.891087
0.350649 0.987654 0.903463
0.363636 0.987654 0.9158
0.376623 0.987654 0.928102
0.38961 0.987654 0.940371
0.402597 0.987654 0.952617
0.415584 0.987654 0.964851
0.428571 0.987654 0.977092
0.441558 0.987654 0.989372
0.454545 0.987654 1.00175
0.467532 0.987654 1.01433
0.480519 0.987654 1.02732
0.493506 0.987654 1.0412
0.506494 0.987654 1.05718
0.519481 0.987654 1.07874
