# x      y    u(x,y)
0.384615 0 0.00263942
0.403846 0 0.00327396
0.423077 0 0.00344259
0.442308 0 0.00348172
0.461538 0 0.00347357
0.480769 0 0.00344119
0.5 0 0.00339219
0.519231 0 0.00332957
0.538462 0 0.00325478
0.557692 0 0.00316867
0.576923 0 0.00307184
0.596154 0 0.0029648
0.615385 0 0.00284799
0.634615 0 0.00272184
0.653846 0 0.0025868
0.673077 0 0.00244333
0.692308 0 0.00229192
0.711538 0 0.0021331
0.730769 0 0.00196749
0.75 0 0.00179575
0.769231 0 0.00161865
0.788462 0 0.00143711
0.807692 0 0.0012522
0.826923 0 0.00106524
0.846154 0 0.000877917
0.865385 0 0.00069243
0.884615 0 0.000511821
0.903846 0 0.000340597
0.923077 0 0.000186117
0.942308 0 6.21769e-05
0.384615 0.0163934 0.00660635
0.403846 0.0163934 0.00675927
0.423077 0.0163934 0.00685464
0.442308 0.0163934 0.00687614
0.461538 0.0163934 0.00684646
0.480769 0.0163934 0.00677997
0.5 0.0163934 0.00668396
0.519231 0.0163934 0.00656224
0.538462 0.0163934 0.006417
0.557692 0.0163934 0.00624971
0.576923 0.0163934 0.00606147
0.596154 0.0163934 0.00585322
0.615385 0.0163934 0.00562584
0.634615 0.0163934 0.00538018
0.653846 0.0163934 0.00511711
0.673077 0.0163934 0.00483756
0.692308 0.0163934 0.0045425
0.711538 0.0163934 0.00423299
0.730769 0.0163934 0.00391022
0.75 0.0163934 0.00357551
0.769231 0.0163934 0.0032304
0.788462 0.0163934 0.00287667
0.807692 0.0163934 0.00251641
0.826923 0.0163934 0.00215221
0.846154 0.0163934 0.0017873
0.865385 0.0163934 0.00142584
0.884615 0.0163934 0.00107347
0.903846 0.0163934 0.000738202
0.923077 0.0163934 0.000432137
0.942308 0.0163934 0.000174884
0.384615 0.0327869 0.0101063
0.403846 0.0327869 0.0101505
0.423077 0.0327869 0.0101871
0.442308 0.0327869 0.0101774
0.461538 0.0327869 0.0101192
0.480769 0.0327869 0.010017
0.5 0.0327869 0.00987543
0.519231 0.0327869 0.00969758
0.538462 0.0327869 0.00948581
0.557692 0.0327869 0.0092419
0.576923 0.0327869 0.00896731
0.596154 0.0327869 0.00866338
0.615385 0.0327869 0.00833137
0.634615 0.0327869 0.00797252
0.653846 0.0327869 0.00758813
0.673077 0.0327869 0.00717954
0.692308 0.0327869 0.00674819
0.711538 0.0327869 0.00629567
0.730769 0.0327869 0.00582372
0.75 0.0327869 0.00533429
0.769231 0.0327869 0.00482962
0.788462 0.0327869 0.00431229
0.807692 0.0327869 0.00378536
0.826923 0.0327869 0.00325251
0.846154 0.0327869 0.0027183
0.865385 0.0327869 0.0021885
0.884615 0.0327869 0.00167068
0.903846 0.0327869 0.00117509
0.923077 0.0327869 0.000716112
0.942308 0.0327869 0.000314479
0.384615 0.0491803 0.0133713
0.403846 0.0491803 0.013403
0.423077 0.0491803 0.0134114
0.442308 0.0491803 0.0133753
0.461538 0.0491803 0.0132885
0.480769 0.0491803 0.0131512
0.5 0.0491803 0.0129659
0.519231 0.0491803 0.0127348
0.538462 0.0491803 0.0124602
0.557692 0.0491803 0.0121439
0.576923 0.0491803 0.0117878
0.596154 0.0491803 0.0113934
0.615385 0.0491803 0.0109624
0.634615 0.0491803 0.0104964
0.653846 0.0491803 0.00999707
0.673077 0.0491803 0.00946614
0.692308 0.0491803 0.00890552
0.711538 0.0491803 0.00831727
0.730769 0.0491803 0.00770366
0.75 0.0491803 0.00706723
0.769231 0.0491803 0.00641085
0.788462 0.0491803 0.00573785
0.807692 0.0491803 0.00505209
0.826923 0.0491803 0.00435822
0.846154 0.0491803 0.00366185
0.865385 0.0491803 0.00296994
0.884615 0.0491803 0.00229135
0.903846 0.0491803 0.0016375
0.923077 0.0491803 0.00102346
0.942308 0.0491803 0.000469109
0.384615 0.0655738 0.016477
0.403846 0.0655738 0.0165201
0.423077 0.0655738 0.0165184
0.442308 0.0655738 0.0164634
0.461538 0.0655738 0.016351
0.480769 0.0655738 0.0161808
0.5 0.0655738 0.0159541
0.519231 0.0655738 0.0156727
0.538462 0.0655738 0.0153388
0.557692 0.0655738 0.0149544
0.576923 0.0655738 0.0145213
0.596154 0.0655738 0.0140415
0.615385 0.0655738 0.0135169
0.634615 0.0655738 0.0129494
0.653846 0.0655738 0.0123412
0.673077 0.0655738 0.0116943
0.692308 0.0655738 0.0110111
0.711538 0.0655738 0.010294
0.730769 0.0655738 0.00954584
0.75 0.0655738 0.00876965
0.769231 0.0655738 0.0079689
0.788462 0.0655738 0.00714753
0.807692 0.0655738 0.00631013
0.826923 0.0655738 0.00546208
0.846154 0.0655738 0.00460981
0.865385 0.0655738 0.00376111
0.884615 0.0655738 0.00292554
0.903846 0.0655738 0.00211502
0.923077 0.0655738 0.00134441
0.942308 0.0655738 0.000632069
0.384615 0.0819672 0.0194501
0.403846 0.0819672 0.0195097
0.423077 0.0819672 0.0195065
0.442308 0.0819672 0.0194385
0.461538 0.0819672 0.0193043
0.480769 0.0819672 0.019104
0.5 0.0819672 0.0188387
0.519231 0.0819672 0.0185102
0.538462 0.0819672 0.0181205
0.557692 0.0819672 0.0176718
0.576923 0.0819672 0.0171661
0.596154 0.0819672 0.0166057
0.615385 0.0819672 0.0159926
0.634615 0.0819672 0.0153292
0.653846 0.0819672 0.0146179
0.673077 0.0819672 0.0138611
0.692308 0.0819672 0.0130616
0.711538 0.0819672 0.0122222
0.730769 0.0819672 0.0113462
0.75 0.0819672 0.0104371
0.769231 0.0819672 0.00949885
0.788462 0.0819672 0.00853593
0.807692 0.0819672 0.00755351
0.826923 0.0819672 0.00655755
0.846154 0.0819672 0.00555505
0.865385 0.0819672 0.00455431
0.884615 0.0819672 0.00356526
0.903846 0.0819672 0.00259979
0.923077 0.0819672 0.00167216
0.942308 0.0819672 0.000799175
0.384615 0.0983607 0.0223007
0.403846 0.0983607 0.0223772
0.423077 0.0983607 0.0223765
0.442308 0.0983607 0.0222996
0.461538 0.0983607 0.022147
0.480769 0.0983607 0.0219194
0.5 0.0983607 0.0216185
0.519231 0.0983607 0.0212459
0.538462 0.0983607 0.0208039
0.557692 0.0983607 0.0202948
0.576923 0.0983607 0.0197207
0.596154 0.0983607 0.0190841
0.615385 0.0983607 0.0183875
0.634615 0.0983607 0.0176334
0.653846 0.0983607 0.0168245
0.673077 0.0983607 0.0159637
0.692308 0.0983607 0.0150539
0.711538 0.0983607 0.0140985
0.730769 0.0983607 0.013101
0.75 0.0983607 0.0120654
0.769231 0.0983607 0.0109961
0.788462 0.0983607 0.00989807
0.807692 0.0983607 0.00877682
0.826923 0.0983607 0.00763879
0.846154 0.0983607 0.00649136
0.865385 0.0983607 0.00534311
0.884615 0.0983607 0.00420403
0.903846 0.0983607 0.00308579
0.923077 0.0983607 0.00200186
0.942308 0.0983607 0.000967611
0.384615 0.114754 0.0250329
0.403846 0.114754 0.0251258
0.423077 0.114754 0.0251296
0.442308 0.114754 0.0250465
0.461538 0.114754 0.0248781
0.480769 0.114754 0.0246261
0.5 0.114754 0.0242922
0.519231 0.114754 0.0238787
0.538462 0.114754 0.0233877
0.557692 0.114754 0.0228218
0.576923 0.114754 0.0221834
0.596154 0.114754 0.0214751
0.615385 0.114754 0.0206996
0.634615 0.114754 0.0198598
0.653846 0.114754 0.0189586
0.673077 0.114754 0.0179992
0.692308 0.114754 0.016985
0.711538 0.114754 0.0159194
0.730769 0.114754 0.0148066
0.75 0.114754 0.0136507
0.769231 0.114754 0.0124565
0.788462 0.114754 0.0112294
0.807692 0.114754 0.00997519
0.826923 0.114754 0.00870066
0.846154 0.114754 0.0074134
0.865385 0.114754 0.00612209
0.884615 0.114754 0.00483665
0.903846 0.114754 0.00356835
0.923077 0.114754 0.00232989
0.942308 0.114754 0.00113537
0.384615 0.131148 0.0276488
0.403846 0.131148 0.0277575
0.423077 0.131148 0.0277666
0.442308 0.131148 0.0276791
0.461538 0.131148 0.0274972
0.480769 0.131148 0.0272231
0.5 0.131148 0.026859
0.519231 0.131148 0.0264074
0.538462 0.131148 0.0258707
0.557692 0.131148 0.0252515
0.576923 0.131148 0.0245526
0.596154 0.131148 0.0237767
0.615385 0.131148 0.0229269
0.634615 0.131148 0.0220062
0.653846 0.131148 0.0210179
0.673077 0.131148 0.0199652
0.692308 0.131148 0.018852
0.711538 0.131148 0.017682
0.730769 0.131148 0.0164596
0.75 0.131148 0.0151893
0.769231 0.131148 0.0138761
0.788462 0.131148 0.0125257
0.807692 0.131148 0.0111443
0.826923 0.131148 0.00973864
0.846154 0.131148 0.00831657
0.865385 0.131148 0.00688674
0.884615 0.131148 0.00545887
0.903846 0.131148 0.0040438
0.923077 0.131148 0.00265348
0.942308 0.131148 0.00130094
0.384615 0.147541 0.030149
0.403846 0.147541 0.030273
0.423077 0.147541 0.0302881
0.442308 0.147541 0.0301974
0.461538 0.147541 0.0300038
0.480769 0.147541 0.0297097
0.5 0.147541 0.0293179
0.519231 0.147541 0.0288309
0.538462 0.147541 0.0282515
0.557692 0.147541 0.0275824
0.576923 0.147541 0.0268267
0.596154 0.147541 0.0259874
0.615385 0.147541 0.0250676
0.634615 0.147541 0.0240706
0.653846 0.147541 0.0229999
0.673077 0.147541 0.0218592
0.692308 0.147541 0.0206523
0.711538 0.147541 0.0193834
0.730769 0.147541 0.018057
0.75 0.147541 0.0166779
0.769231 0.147541 0.0152515
0.788462 0.147541 0.0137834
0.807692 0.147541 0.0122802
0.826923 0.147541 0.0107488
0.846154 0.147541 0.00919694
0.865385 0.147541 0.00763325
0.884615 0.147541 0.0060672
0.903846 0.147541 0.00450918
0.923077 0.147541 0.00297048
0.942308 0.147541 0.00146318
0.384615 0.163934 0.032534
0.403846 0.163934 0.0326728
0.423077 0.163934 0.0326941
0.442308 0.163934 0.0326013
0.461538 0.163934 0.0323974
0.480769 0.163934 0.0320853
0.5 0.163934 0.031668
0.519231 0.163934 0.0311482
0.538462 0.163934 0.030529
0.557692 0.163934 0.0298134
0.576923 0.163934 0.0290045
0.596154 0.163934 0.0281055
0.615385 0.163934 0.0271198
0.634615 0.163934 0.026051
0.653846 0.163934 0.0249027
0.673077 0.163934 0.0236787
0.692308 0.163934 0.0223833
0.711538 0.163934 0.0210207
0.730769 0.163934 0.0195958
0.75 0.163934 0.0181134
0.769231 0.163934 0.0165792
0.788462 0.163934 0.0149991
0.807692 0.163934 0.0133796
0.826923 0.163934 0.0117276
0.846154 0.163934 0.0100511
0.865385 0.163934 0.0083584
0.884615 0.163934 0.00665874
0.903846 0.163934 0.0049621
0.923077 0.163934 0.00327914
0.942308 0.163934 0.00162118
0.384615 0.180328 0.034804
0.403846 0.180328 0.0349571
0.423077 0.180328 0.0349848
0.442308 0.180328 0.0348905
0.461538 0.180328 0.0346777
0.480769 0.180328 0.0343493
0.5 0.180328 0.0339085
0.519231 0.180328 0.0333584
0.538462 0.180328 0.0327022
0.557692 0.180328 0.031943
0.576923 0.180328 0.0310843
0.596154 0.180328 0.0301294
0.615385 0.180328 0.0290819
0.634615 0.180328 0.0279455
0.653846 0.180328 0.0267241
0.673077 0.180328 0.0254217
0.692308 0.180328 0.0240427
0.711538 0.180328 0.0225916
0.730769 0.180328 0.0210733
0.75 0.180328 0.0194931
0.769231 0.180328 0.0178566
0.788462 0.180328 0.0161698
0.807692 0.180328 0.0144393
0.826923 0.180328 0.0126722
0.846154 0.180328 0.0108761
0.865385 0.180328 0.00905946
0.884615 0.180328 0.00723108
0.903846 0.180328 0.00540057
0.923077 0.180328 0.00357806
0.942308 0.180328 0.00177421
0.384615 0.196721 0.0369588
0.403846 0.196721 0.0371257
0.423077 0.196721 0.0371599
0.442308 0.196721 0.0370649
0.461538 0.196721 0.0368442
0.480769 0.196721 0.036501
0.5 0.196721 0.0360387
0.519231 0.196721 0.0354605
0.538462 0.196721 0.0347699
0.557692 0.196721 0.0339702
0.576923 0.196721 0.0330649
0.596154 0.196721 0.0320577
0.615385 0.196721 0.0309522
0.634615 0.196721 0.0297524
0.653846 0.196721 0.0284622
0.673077 0.196721 0.027086
0.692308 0.196721 0.0256283
0.711538 0.196721 0.0240937
0.730769 0.196721 0.0224873
0.75 0.196721 0.0208144
0.769231 0.196721 0.0190809
0.788462 0.196721 0.0172928
0.807692 0.196721 0.0154567
0.826923 0.196721 0.0135798
0.846154 0.196721 0.0116695
0.865385 0.196721 0.0097341
0.884615 0.196721 0.00778218
0.903846 0.196721 0.00582295
0.923077 0.196721 0.00386608
0.942308 0.196721 0.00192165
0.384615 0.213115 0.0389985
0.403846 0.213115 0.0391787
0.423077 0.213115 0.0392194
0.442308 0.213115 0.0391241
0.461538 0.213115 0.0388965
0.480769 0.213115 0.0385398
0.5 0.213115 0.0380578
0.519231 0.213115 0.0374537
0.538462 0.213115 0.0367312
0.557692 0.213115 0.0358938
0.576923 0.213115 0.0349451
0.596154 0.213115 0.0338889
0.615385 0.213115 0.0327292
0.634615 0.213115 0.03147
0.653846 0.213115 0.0301154
0.673077 0.213115 0.0286699
0.692308 0.213115 0.0271381
0.711538 0.213115 0.0255248
0.730769 0.213115 0.0238353
0.75 0.213115 0.022075
0.769231 0.213115 0.0202498
0.788462 0.213115 0.0183657
0.807692 0.213115 0.0164295
0.826923 0.213115 0.0144481
0.846154 0.213115 0.0124291
0.865385 0.213115 0.0103803
0.884615 0.213115 0.0083103
0.903846 0.213115 0.00622785
0.923077 0.213115 0.00414223
0.942308 0.213115 0.00206301
0.384615 0.229508 0.0409227
0.403846 0.229508 0.0411158
0.423077 0.229508 0.0411629
0.442308 0.229508 0.0410678
0.461538 0.229508 0.040834
0.480769 0.229508 0.0404652
0.5 0.229508 0.039965
0.519231 0.229508 0.0393371
0.538462 0.229508 0.038585
0.557692 0.229508 0.0377126
0.576923 0.229508 0.0367235
0.596154 0.229508 0.0356219
0.615385 0.229508 0.0344115
0.634615 0.229508 0.0330967
0.653846 0.229508 0.0316819
0.673077 0.229508 0.0301714
0.692308 0.229508 0.0285702
0.711538 0.229508 0.0268831
0.730769 0.229508 0.0251155
0.75 0.229508 0.0232728
0.769231 0.229508 0.0213611
0.788462 0.229508 0.0193864
0.807692 0.229508 0.0173554
0.826923 0.229508 0.0152751
0.846154 0.229508 0.0131528
0.865385 0.229508 0.0109964
0.884615 0.229508 0.00881396
0.903846 0.229508 0.0066141
0.923077 0.229508 0.00440569
0.942308 0.229508 0.00219787
0.384615 0.245902 0.0427313
0.403846 0.245902 0.0429367
0.423077 0.245902 0.0429902
0.442308 0.245902 0.0428955
0.461538 0.245902 0.0426563
0.480769 0.245902 0.0422765
0.5 0.245902 0.0417598
0.519231 0.245902 0.0411099
0.538462 0.245902 0.0403305
0.557692 0.245902 0.0394257
0.576923 0.245902 0.0383992
0.596154 0.245902 0.0372552
0.615385 0.245902 0.0359977
0.634615 0.245902 0.0346312
0.653846 0.245902 0.0331601
0.673077 0.245902 0.031589
0.692308 0.245902 0.0299229
0.711538 0.245902 0.0281667
0.730769 0.245902 0.0263258
0.75 0.245902 0.024406
0.769231 0.245902 0.0224129
0.788462 0.245902 0.020353
0.807692 0.245902 0.0182327
0.826923 0.245902 0.016059
0.846154 0.245902 0.0138392
0.865385 0.245902 0.0115808
0.884615 0.245902 0.0092919
0.903846 0.245902 0.00698069
0.923077 0.245902 0.00465575
0.942308 0.245902 0.00232588
0.384615 0.262295 0.0444241
0.403846 0.262295 0.0446412
0.423077 0.262295 0.0447008
0.442308 0.262295 0.0446068
0.461538 0.262295 0.044363
0.480769 0.262295 0.0439732
0.5 0.262295 0.0434414
0.519231 0.262295 0.0427713
0.538462 0.262295 0.0419668
0.557692 0.262295 0.041032
0.576923 0.262295 0.0399709
0.596154 0.262295 0.0387877
0.615385 0.262295 0.0374866
0.634615 0.262295 0.0360721
0.653846 0.262295 0.0345487
0.673077 0.262295 0.0329212
0.692308 0.262295 0.0311946
0.711538 0.262295 0.029374
0.730769 0.262295 0.0274648
0.75 0.262295 0.0254727
0.769231 0.262295 0.0234036
0.788462 0.262295 0.0212638
0.807692 0.262295 0.0190597
0.826923 0.262295 0.0167983
0.846154 0.262295 0.0144867
0.865385 0.262295 0.0121323
0.884615 0.262295 0.00974301
0.903846 0.262295 0.00732675
0.923077 0.262295 0.00489184
0.942308 0.262295 0.00244672
0.384615 0.278689 0.0460007
0.403846 0.278689 0.0462288
0.423077 0.278689 0.0462944
0.442308 0.278689 0.0462012
0.461538 0.278689 0.0459534
0.480769 0.278689 0.0455547
0.5 0.278689 0.0450091
0.519231 0.278689 0.0443205
0.538462 0.278689 0.0434931
0.557692 0.278689 0.0425308
0.576923 0.278689 0.0414378
0.596154 0.278689 0.0402184
0.615385 0.278689 0.038877
0.634615 0.278689 0.0374181
0.653846 0.278689 0.0358464
0.673077 0.278689 0.0341666
0.692308 0.278689 0.0323839
0.711538 0.278689 0.0305035
0.730769 0.278689 0.0285308
0.75 0.278689 0.0264714
0.769231 0.278689 0.0243315
0.788462 0.278689 0.0221172
0.807692 0.278689 0.0198349
0.826923 0.278689 0.0174915
0.846154 0.278689 0.015094
0.865385 0.278689 0.0126498
0.884615 0.278689 0.0101663
0.903846 0.278689 0.00765155
0.923077 0.278689 0.00511343
0.942308 0.278689 0.00256014
0.384615 0.295082 0.0474609
0.403846 0.295082 0.0476994
0.423077 0.295082 0.0477706
0.442308 0.295082 0.0476785
0.461538 0.295082 0.0474271
0.480769 0.295082 0.0470203
0.5 0.295082 0.0464623
0.519231 0.295082 0.0457569
0.538462 0.295082 0.0449085
0.557692 0.295082 0.043921
0.576923 0.295082 0.0427988
0.596154 0.295082 0.0415463
0.615385 0.295082 0.0401678
0.634615 0.295082 0.0386681
0.653846 0.295082 0.0370518
0.673077 0.295082 0.0353239
0.692308 0.295082 0.0334895
0.711538 0.295082 0.0315538
0.730769 0.295082 0.0295224
0.75 0.295082 0.0274009
0.769231 0.295082 0.0251953
0.788462 0.295082 0.0229119
0.807692 0.295082 0.020557
0.826923 0.295082 0.0181375
0.846154 0.295082 0.0156601
0.865385 0.295082 0.0131322
0.884615 0.295082 0.0105611
0.903846 0.295082 0.00795443
0.923077 0.295082 0.00532007
0.942308 0.295082 0.00266592
0.384615 0.311475 0.0488043
0.403846 0.311475 0.0490525
0.423077 0.311475 0.049129
0.442308 0.311475 0.0490381
0.461538 0.311475 0.0487836
0.480769 0.311475 0.0483696
0.5 0.311475 0.0478003
0.519231 0.311475 0.0470798
0.538462 0.311475 0.0462123
0.557692 0.311475 0.0452019
0.576923 0.311475 0.0440531
0.596154 0.311475 0.0427703
0.615385 0.311475 0.0413581
0.634615 0.311475 0.039821
0.653846 0.311475 0.038164
0.673077 0.311475 0.036392
0.692308 0.311475 0.0345101
0.711538 0.311475 0.0325238
0.730769 0.311475 0.0304384
0.75 0.311475 0.0282597
0.769231 0.311475 0.0259938
0.788462 0.311475 0.0236467
0.807692 0.311475 0.0212249
0.826923 0.311475 0.018735
0.846154 0.311475 0.0161839
0.865385 0.311475 0.0135786
0.884615 0.311475 0.0109265
0.903846 0.311475 0.00823484
0.923077 0.311475 0.0055114
0.942308 0.311475 0.00276385
0.384615 0.327869 0.0500307
0.403846 0.327869 0.0502878
0.423077 0.327869 0.0503693
0.442308 0.327869 0.0502795
0.461538 0.327869 0.0500224
0.480769 0.327869 0.0496021
0.5 0.327869 0.0490227
0.519231 0.327869 0.0482885
0.538462 0.327869 0.0474038
0.557692 0.327869 0.0463728
0.576923 0.327869 0.0451999
0.596154 0.327869 0.0438897
0.615385 0.327869 0.0424468
0.634615 0.327869 0.0408759
0.653846 0.327869 0.0391819
0.673077 0.327869 0.0373698
0.692308 0.327869 0.0354448
0.711538 0.327869 0.0334122
0.730769 0.327869 0.0312777
0.75 0.327869 0.0290469
0.769231 0.327869 0.0267258
0.788462 0.327869 0.0243206
0.807692 0.327869 0.0218376
0.826923 0.327869 0.0192833
0.846154 0.327869 0.0166646
0.865385 0.327869 0.0139884
0.884615 0.327869 0.0112619
0.903846 0.327869 0.00849229
0.923077 0.327869 0.00568707
0.942308 0.327869 0.00285377
0.384615 0.344262 0.0511397
0.403846 0.344262 0.0514049
0.423077 0.344262 0.0514911
0.442308 0.344262 0.0514025
0.461538 0.344262 0.0511431
0.480769 0.344262 0.0507171
0.5 0.344262 0.0501289
0.519231 0.344262 0.0493825
0.538462 0.344262 0.0484823
0.557692 0.344262 0.0474328
0.576923 0.344262 0.0462384
0.596154 0.344262 0.0449036
0.615385 0.344262 0.0434331
0.634615 0.344262 0.0418318
0.653846 0.344262 0.0401045
0.673077 0.344262 0.0382562
0.692308 0.344262 0.0362924
0.711538 0.344262 0.0342182
0.730769 0.344262 0.0320393
0.75 0.344262 0.0297614
0.769231 0.344262 0.0273904
0.788462 0.344262 0.0249325
0.807692 0.344262 0.0223941
0.826923 0.344262 0.0197815
0.846154 0.344262 0.0171015
0.865385 0.344262 0.0143609
0.884615 0.344262 0.0115668
0.903846 0.344262 0.00872634
0.923077 0.344262 0.00584679
0.942308 0.344262 0.00293553
0.384615 0.360656 0.0521311
0.403846 0.360656 0.0524036
0.423077 0.360656 0.052494
0.442308 0.360656 0.0524065
0.461538 0.360656 0.0521452
0.480769 0.360656 0.0517143
0.5 0.360656 0.0511182
0.519231 0.360656 0.0503611
0.538462 0.360656 0.0494474
0.557692 0.360656 0.0483814
0.576923 0.360656 0.0471679
0.596154 0.360656 0.0458113
0.615385 0.360656 0.0443163
0.634615 0.360656 0.0426879
0.653846 0.360656 0.040931
0.673077 0.360656 0.0390506
0.692308 0.360656 0.037052
0.711538 0.360656 0.0349407
0.730769 0.360656 0.0327222
0.75 0.360656 0.0304022
0.769231 0.360656 0.0279867
0.788462 0.360656 0.0254817
0.807692 0.360656 0.0228936
0.826923 0.360656 0.0202287
0.846154 0.360656 0.0174938
0.865385 0.360656 0.0146955
0.884615 0.360656 0.0118407
0.903846 0.360656 0.00893664
0.923077 0.360656 0.00599032
0.942308 0.360656 0.00300901
0.384615 0.377049 0.0530044
0.403846 0.377049 0.0532835
0.423077 0.377049 0.0533777
0.442308 0.377049 0.0532912
0.461538 0.377049 0.0530283
0.480769 0.377049 0.0525932
0.5 0.377049 0.0519903
0.519231 0.377049 0.0512238
0.538462 0.377049 0.0502982
0.557692 0.377049 0.049218
0.576923 0.377049 0.0479877
0.596154 0.377049 0.046612
0.615385 0.377049 0.0450957
0.634615 0.377049 0.0434435
0.653846 0.377049 0.0416606
0.673077 0.377049 0.039752
0.692308 0.377049 0.037723
0.711538 0.377049 0.0355791
0.730769 0.377049 0.0333257
0.75 0.377049 0.0309687
0.769231 0.377049 0.0285139
0.788462 0.377049 0.0259674
0.807692 0.377049 0.0233355
0.826923 0.377049 0.0206245
0.846154 0.377049 0.017841
0.865385 0.377049 0.0149916
0.884615 0.377049 0.0120833
0.903846 0.377049 0.00912286
0.923077 0.377049 0.00611743
0.942308 0.377049 0.00307409
0.384615 0.393443 0.0537595
0.403846 0.393443 0.0540442
0.423077 0.393443 0.0541417
0.442308 0.393443 0.0540562
0.461538 0.393443 0.053792
0.480769 0.393443 0.0533534
0.5 0.393443 0.0527446
0.519231 0.393443 0.0519702
0.538462 0.393443 0.0510345
0.557692 0.393443 0.049942
0.576923 0.393443 0.0486974
0.596154 0.393443 0.0473053
0.615385 0.393443 0.0457705
0.634615 0.393443 0.044098
0.653846 0.393443 0.0422927
0.673077 0.393443 0.0403598
0.692308 0.393443 0.0383046
0.711538 0.393443 0.0361325
0.730769 0.393443 0.0338491
0.75 0.393443 0.0314601
0.769231 0.393443 0.0289714
0.788462 0.393443 0.026389
0.807692 0.393443 0.0237191
0.826923 0.393443 0.0209681
0.846154 0.393443 0.0181425
0.865385 0.393443 0.0152489
0.884615 0.393443 0.012294
0.903846 0.393443 0.00928472
0.923077 0.393443 0.00622793
0.942308 0.393443 0.00313067
0.384615 0.409836 0.0543961
0.403846 0.409836 0.0546856
0.423077 0.409836 0.0547859
0.442308 0.409836 0.0547012
0.461538 0.409836 0.054436
0.480769 0.409836 0.0539944
0.5 0.409836 0.0533808
0.519231 0.409836 0.0525997
0.538462 0.409836 0.0516555
0.557692 0.409836 0.0505528
0.576923 0.409836 0.0492962
0.596154 0.409836 0.0478904
0.615385 0.409836 0.0463403
0.634615 0.409836 0.0446507
0.653846 0.409836 0.0428267
0.673077 0.409836 0.0408734
0.692308 0.409836 0.0387962
0.711538 0.409836 0.0366004
0.730769 0.409836 0.0342917
0.75 0.409836 0.0318758
0.769231 0.409836 0.0293585
0.788462 0.409836 0.0267458
0.807692 0.409836 0.024044
0.826923 0.409836 0.0212592
0.846154 0.409836 0.0183981
0.865385 0.409836 0.015467
0.884615 0.409836 0.0124727
0.903846 0.409836 0.00942198
0.923077 0.409836 0.00632167
0.942308 0.409836 0.00317869
0.384615 0.42623 0.0549137
0.403846 0.42623 0.0552071
0.423077 0.42623 0.0553097
0.442308 0.42623 0.0552258
0.461538 0.42623 0.0549597
0.480769 0.42623 0.0545158
0.5 0.42623 0.0538984
0.519231 0.42623 0.053112
0.538462 0.42623 0.052161
0.557692 0.42623 0.0510501
0.576923 0.42623 0.0497839
0.596154 0.42623 0.048367
0.615385 0.42623 0.0468045
0.634615 0.42623 0.0451011
0.653846 0.42623 0.0432619
0.673077 0.42623 0.0412922
0.692308 0.42623 0.0391972
0.711538 0.42623 0.0369823
0.730769 0.42623 0.0346531
0.75 0.42623 0.0322153
0.769231 0.42623 0.0296747
0.788462 0.42623 0.0270375
0.807692 0.42623 0.0243096
0.826923 0.42623 0.0214974
0.846154 0.42623 0.0186072
0.865385 0.42623 0.0156455
0.884615 0.42623 0.0126191
0.903846 0.42623 0.00953446
0.923077 0.42623 0.00639851
0.942308 0.42623 0.00321806
0.384615 0.442623 0.0553123
0.403846 0.442623 0.0556086
0.423077 0.442623 0.055713
0.442308 0.442623 0.0556297
0.461538 0.442623 0.0553631
0.480769 0.442623 0.0549174
0.5 0.442623 0.0542971
0.519231 0.442623 0.0535066
0.538462 0.442623 0.0525505
0.557692 0.442623 0.0514334
0.576923 0.442623 0.0501598
0.596154 0.442623 0.0487346
0.615385 0.442623 0.0471626
0.634615 0.442623 0.0454487
0.653846 0.442623 0.043598
0.673077 0.442623 0.0416157
0.692308 0.442623 0.0395071
0.711538 0.442623 0.0372775
0.730769 0.442623 0.0349326
0.75 0.442623 0.0324781
0.769231 0.442623 0.0299197
0.788462 0.442623 0.0272635
0.807692 0.442623 0.0245156
0.826923 0.442623 0.0216822
0.846154 0.442623 0.0187696
0.865385 0.442623 0.0157843
0.884615 0.442623 0.0127329
0.903846 0.442623 0.00962197
0.923077 0.442623 0.00645833
0.942308 0.442623 0.00324874
0.384615 0.459016 0.0555914
0.403846 0.459016 0.0558899
0.423077 0.459016 0.0559955
0.442308 0.459016 0.0559126
0.461538 0.459016 0.0556456
0.480769 0.459016 0.0551987
0.5 0.459016 0.0545765
0.519231 0.459016 0.0537833
0.538462 0.459016 0.0528237
0.557692 0.459016 0.0517023
0.576923 0.459016 0.0504237
0.596154 0.459016 0.0489928
0.615385 0.459016 0.0474143
0.634615 0.459016 0.0456932
0.653846 0.459016 0.0438346
0.673077 0.459016 0.0418436
0.692308 0.459016 0.0397255
0.711538 0.459016 0.0374858
0.730769 0.459016 0.03513
0.75 0.459016 0.0326638
0.769231 0.459016 0.0300931
0.788462 0.459016 0.0274236
0.807692 0.459016 0.0246617
0.826923 0.459016 0.0218133
0.846154 0.459016 0.018885
0.865385 0.459016 0.015883
0.884615 0.459016 0.0128139
0.903846 0.459016 0.00968438
0.923077 0.459016 0.00650105
0.942308 0.459016 0.00327067
0.384615 0.47541 0.0557509
0.403846 0.47541 0.0560505
0.423077 0.47541 0.0561568
0.442308 0.47541 0.0560742
0.461538 0.47541 0.055807
0.480769 0.47541 0.0553596
0.5 0.47541 0.0547363
0.519231 0.47541 0.0539417
0.538462 0.47541 0.0529802
0.557692 0.47541 0.0518565
0.576923 0.47541 0.0505753
0.596154 0.47541 0.0491412
0.615385 0.47541 0.0475592
0.634615 0.47541 0.0458342
0.653846 0.47541 0.0439712
0.673077 0.47541 0.0419754
0.692308 0.47541 0.0398522
0.711538 0.47541 0.0376069
0.730769 0.47541 0.035245
0.75 0.47541 0.0327723
0.769231 0.47541 0.0301945
0.788462 0.47541 0.0275176
0.807692 0.47541 0.0247476
0.826923 0.47541 0.0218907
0.846154 0.47541 0.0189532
0.865385 0.47541 0.0159415
0.884615 0.47541 0.0128621
0.903846 0.47541 0.00972158
0.923077 0.47541 0.00652659
0.942308 0.47541 0.00328382
0.384615 0.491803 0.0557905
0.403846 0.491803 0.0560903
0.423077 0.491803 0.0561968
0.442308 0.491803 0.0561143
0.461538 0.491803 0.0558471
0.480769 0.491803 0.0553997
0.5 0.491803 0.0547763
0.519231 0.491803 0.0539815
0.538462 0.491803 0.0530198
0.557692 0.491803 0.0518958
0.576923 0.491803 0.0506141
0.596154 0.491803 0.0491796
0.615385 0.491803 0.047597
0.634615 0.491803 0.0458714
0.653846 0.491803 0.0440077
0.673077 0.491803 0.042011
0.692308 0.491803 0.0398868
0.711538 0.491803 0.0376404
0.730769 0.491803 0.0352773
0.75 0.491803 0.0328031
0.769231 0.491803 0.0302237
0.788462 0.491803 0.0275451
0.807692 0.491803 0.0247731
0.826923 0.491803 0.021914
0.846154 0.491803 0.0189741
0.865385 0.491803 0.0159597
0.884615 0.491803 0.0128773
0.903846 0.491803 0.0097335
0.923077 0.491803 0.00653489
0.942308 0.491803 0.00328815
0.384615 0.508197 0.0557099
0.403846 0.508197 0.056009
0.423077 0.508197 0.0561152
0.442308 0.508197 0.0560326
0.461538 0.508197 0.0557657
0.480769 0.508197 0.0553187
0.5 0.508197 0.0546962
0.519231 0.508197 0.0539025
0.538462 0.508197 0.0529422
0.557692 0.508197 0.0518198
0.576923 0.508197 0.0505401
0.596154 0.508197 0.0491078
0.615385 0.508197 0.0475276
0.634615 0.508197 0.0458046
0.653846 0.508197 0.0439437
0.673077 0.508197 0.0419502
0.692308 0.508197 0.0398292
0.711538 0.508197 0.0375862
0.730769 0.508197 0.0352266
0.75 0.508197 0.0327562
0.769231 0.508197 0.0301807
0.788462 0.508197 0.027506
0.807692 0.508197 0.0247381
0.826923 0.508197 0.0218832
0.846154 0.508197 0.0189475
0.865385 0.508197 0.0159375
0.884615 0.508197 0.0128595
0.903846 0.508197 0.00972008
0.923077 0.508197 0.00652593
0.942308 0.508197 0.00328367
0.384615 0.52459 0.055509
0.403846 0.52459 0.0558065
0.423077 0.52459 0.0559117
0.442308 0.52459 0.0558289
0.461538 0.52459 0.0555624
0.480769 0.52459 0.0551165
0.5 0.52459 0.0544958
0.519231 0.52459 0.0537045
0.538462 0.52459 0.0527472
0.557692 0.52459 0.0516285
0.576923 0.52459 0.0503531
0.596154 0.52459 0.0489255
0.615385 0.52459 0.0473508
0.634615 0.52459 0.0456337
0.653846 0.52459 0.0437793
0.673077 0.52459 0.0417927
0.692308 0.52459 0.0396792
0.711538 0.52459 0.0374442
0.730769 0.52459 0.035093
0.75 0.52459 0.0326315
0.769231 0.52459 0.0300653
0.788462 0.52459 0.0274003
0.807692 0.52459 0.0246426
0.826923 0.52459 0.0217982
0.846154 0.52459 0.0188735
0.865385 0.52459 0.0158748
0.884615 0.52459 0.0128085
0.903846 0.52459 0.0096813
0.923077 0.52459 0.00649968
0.942308 0.52459 0.00327035
0.384615 0.540984 0.0551874
0.403846 0.540984 0.0554824
0.423077 0.540984 0.0555862
0.442308 0.540984 0.055503
0.461538 0.540984 0.0552371
0.480769 0.540984 0.054793
0.5 0.540984 0.0541749
0.519231 0.540984 0.0533873
0.538462 0.540984 0.0524347
0.557692 0.540984 0.0513217
0.576923 0.540984 0.0500528
0.596154 0.540984 0.0486328
0.615385 0.540984 0.0470664
0.634615 0.540984 0.0453586
0.653846 0.540984 0.0435143
0.673077 0.540984 0.0415386
0.692308 0.540984 0.0394368
0.711538 0.540984 0.0372143
0.730769 0.540984 0.0348764
0.75 0.540984 0.0324289
0.769231 0.540984 0.0298775
0.788462 0.540984 0.027228
0.807692 0.540984 0.0244865
0.826923 0.540984 0.0216591
0.846154 0.540984 0.018752
0.865385 0.540984 0.0157717
0.884615 0.540984 0.0127246
0.903846 0.540984 0.00961717
0.923077 0.540984 0.00645616
0.942308 0.540984 0.00324819
0.384615 0.557377 0.0547451
0.403846 0.557377 0.0550367
0.423077 0.557377 0.0551384
0.442308 0.557377 0.0550547
0.461538 0.557377 0.0547897
0.480769 0.557377 0.0543478
0.5 0.557377 0.0537334
0.519231 0.557377 0.0529508
0.538462 0.557377 0.0520046
0.557692 0.557377 0.0508992
0.576923 0.557377 0.0496392
0.596154 0.557377 0.0482294
0.615385 0.557377 0.0466744
0.634615 0.557377 0.0449791
0.653846 0.557377 0.0431486
0.673077 0.557377 0.0411878
0.692308 0.557377 0.039102
0.711538 0.557377 0.0368965
0.730769 0.557377 0.0345768
0.75 0.557377 0.0321485
0.769231 0.557377 0.0296173
0.788462 0.557377 0.0269891
0.807692 0.557377 0.0242698
0.826923 0.557377 0.0214658
0.846154 0.557377 0.0185831
0.865385 0.557377 0.0156282
0.884615 0.557377 0.0126075
0.903846 0.557377 0.00952771
0.923077 0.557377 0.00639537
0.942308 0.557377 0.00321722
0.384615 0.57377 0.0541818
0.403846 0.57377 0.054469
0.423077 0.57377 0.0545682
0.442308 0.57377 0.0544838
0.461538 0.57377 0.0542199
0.480769 0.57377 0.0537809
0.5 0.57377 0.0531711
0.519231 0.57377 0.0523949
0.538462 0.57377 0.0514567
0.557692 0.57377 0.050361
0.576923 0.57377 0.0491124
0.596154 0.57377 0.0477154
0.615385 0.57377 0.0461748
0.634615 0.57377 0.0444955
0.653846 0.57377 0.0426823
0.673077 0.57377 0.0407404
0.692308 0.57377 0.0386748
0.711538 0.57377 0.036491
0.730769 0.57377 0.0341943
0.75 0.57377 0.0317903
0.769231 0.57377 0.0292848
0.788462 0.57377 0.0266837
0.807692 0.57377 0.0239928
0.826923 0.57377 0.0212185
0.846154 0.57377 0.0183668
0.865385 0.57377 0.0154444
0.884615 0.57377 0.0124575
0.903846 0.57377 0.00941299
0.923077 0.57377 0.00631737
0.942308 0.57377 0.00317745
0.384615 0.590164 0.0534973
0.403846 0.590164 0.0537792
0.423077 0.590164 0.0538754
0.442308 0.590164 0.0537902
0.461538 0.590164 0.0535277
0.480769 0.590164 0.0530922
0.5 0.590164 0.0524881
0.519231 0.590164 0.0517196
0.538462 0.590164 0.0507911
0.557692 0.590164 0.0497071
0.576923 0.590164 0.0484722
0.596154 0.590164 0.0470908
0.615385 0.590164 0.0455677
0.634615 0.590164 0.0439076
0.653846 0.590164 0.0421156
0.673077 0.590164 0.0401964
0.692308 0.590164 0.0381555
0.711538 0.590164 0.0359979
0.730769 0.590164 0.0337291
0.75 0.590164 0.0313547
0.769231 0.590164 0.0288804
0.788462 0.590164 0.026312
0.807692 0.590164 0.0236556
0.826923 0.590164 0.0209173
0.846154 0.590164 0.0181034
0.865385 0.590164 0.0152204
0.884615 0.590164 0.0122747
0.903846 0.590164 0.0092731
0.923077 0.590164 0.00622222
0.942308 0.590164 0.00312891
0.384615 0.606557 0.0526914
0.403846 0.606557 0.0529672
0.423077 0.606557 0.0530599
0.442308 0.606557 0.0529737
0.461538 0.606557 0.0527129
0.480769 0.606557 0.0522816
0.5 0.606557 0.0516841
0.519231 0.606557 0.0509247
0.538462 0.606557 0.0500077
0.557692 0.606557 0.0489376
0.576923 0.606557 0.0477187
0.596154 0.606557 0.0463557
0.615385 0.606557 0.0448531
0.634615 0.606557 0.0432158
0.653846 0.606557 0.0414485
0.673077 0.606557 0.0395562
0.692308 0.606557 0.0375441
0.711538 0.606557 0.0354174
0.730769 0.606557 0.0331814
0.75 0.606557 0.0308417
0.769231 0.606557 0.0284041
0.788462 0.606557 0.0258743
0.807692 0.606557 0.0232584
0.826923 0.606557 0.0205625
0.846154 0.606557 0.0177931
0.865385 0.606557 0.0149564
0.884615 0.606557 0.0120592
0.903846 0.606557 0.00910816
0.923077 0.606557 0.00611001
0.942308 0.606557 0.00307165
0.384615 0.622951 0.0517639
0.403846 0.622951 0.0520327
0.423077 0.622951 0.0521214
0.442308 0.622951 0.0520343
0.461538 0.622951 0.0517754
0.480769 0.622951 0.051349
0.5 0.622951 0.0507592
0.519231 0.622951 0.0500103
0.538462 0.622951 0.0491066
0.557692 0.622951 0.0480524
0.576923 0.622951 0.0468521
0.596154 0.622951 0.0455102
0.615385 0.622951 0.0440313
0.634615 0.622951 0.0424201
0.653846 0.622951 0.0406814
0.673077 0.622951 0.03882
0.692308 0.622951 0.0368411
0.711538 0.622951 0.0347498
0.730769 0.622951 0.0325516
0.75 0.622951 0.0302518
0.769231 0.622951 0.0278563
0.788462 0.622951 0.0253709
0.807692 0.622951 0.0228015
0.826923 0.622951 0.0201545
0.846154 0.622951 0.0174361
0.865385 0.622951 0.0146528
0.884615 0.622951 0.0118113
0.903846 0.622951 0.00891834
0.923077 0.622951 0.00598083
0.942308 0.622951 0.00300571
0.384615 0.639344 0.0507147
0.403846 0.639344 0.0509756
0.423077 0.639344 0.0510599
0.442308 0.639344 0.0509717
0.461538 0.639344 0.0507151
0.480769 0.639344 0.0502943
0.5 0.639344 0.0497133
0.519231 0.639344 0.0489764
0.538462 0.639344 0.0480878
0.557692 0.639344 0.0470517
0.576923 0.639344 0.0458725
0.596154 0.639344 0.0445546
0.615385 0.639344 0.0431025
0.634615 0.639344 0.0415209
0.653846 0.639344 0.0398145
0.673077 0.639344 0.0379881
0.692308 0.639344 0.0360467
0.711538 0.639344 0.0339956
0.730769 0.639344 0.03184
0.75 0.639344 0.0295854
0.769231 0.639344 0.0272376
0.788462 0.639344 0.0248022
0.807692 0.639344 0.0222855
0.826923 0.639344 0.0196935
0.846154 0.639344 0.0170327
0.865385 0.639344 0.0143097
0.884615 0.639344 0.0115311
0.903846 0.639344 0.00870383
0.923077 0.639344 0.00583483
0.942308 0.639344 0.00293118
0.384615 0.655738 0.0495434
0.403846 0.655738 0.0497957
0.423077 0.655738 0.0498752
0.442308 0.655738 0.049786
0.461538 0.655738 0.0495321
0.480769 0.655738 0.0491175
0.5 0.655738 0.0485465
0.519231 0.655738 0.0478231
0.538462 0.655738 0.0469514
0.557692 0.655738 0.0459356
0.576923 0.655738 0.0447801
0.596154 0.655738 0.0434891
0.615385 0.655738 0.042067
0.634615 0.655738 0.0405185
0.653846 0.655738 0.0388482
0.673077 0.655738 0.0370609
0.692308 0.655738 0.0351615
0.711538 0.655738 0.0331552
0.730769 0.655738 0.0310472
0.75 0.655738 0.028843
0.769231 0.655738 0.0265483
0.788462 0.655738 0.0241688
0.807692 0.655738 0.0217106
0.826923 0.655738 0.0191801
0.846154 0.655738 0.0165835
0.865385 0.655738 0.0139275
0.884615 0.655738 0.011219
0.903846 0.655738 0.00846487
0.923077 0.655738 0.00567218
0.942308 0.655738 0.00284814
0.384615 0.672131 0.04825
0.403846 0.672131 0.0484929
0.423077 0.672131 0.0485671
0.442308 0.672131 0.0484769
0.461538 0.672131 0.0482261
0.480769 0.672131 0.0478187
0.5 0.672131 0.0472588
0.519231 0.672131 0.0465504
0.538462 0.672131 0.0456976
0.557692 0.672131 0.0447044
0.576923 0.672131 0.0435751
0.596154 0.672131 0.0423139
0.615385 0.672131 0.0409252
0.634615 0.672131 0.0394133
0.653846 0.672131 0.037783
0.673077 0.672131 0.0360389
0.692308 0.672131 0.034186
0.711538 0.672131 0.0322292
0.730769 0.672131 0.0301738
0.75 0.672131 0.0280252
0.769231 0.672131 0.025789
0.788462 0.672131 0.0234712
0.807692 0.672131 0.0210776
0.826923 0.672131 0.0186147
0.846154 0.672131 0.0160889
0.865385 0.672131 0.0135068
0.884615 0.672131 0.0108754
0.903846 0.672131 0.00820176
0.923077 0.672131 0.00549307
0.942308 0.672131 0.00275668
0.384615 0.688525 0.0468342
0.403846 0.688525 0.0470668
0.423077 0.688525 0.0471356
0.442308 0.688525 0.0470444
0.461538 0.688525 0.0467971
0.480769 0.688525 0.0463978
0.5 0.688525 0.0458503
0.519231 0.688525 0.0451585
0.538462 0.688525 0.0443265
0.557692 0.688525 0.0433583
0.576923 0.688525 0.0422579
0.596154 0.688525 0.0410295
0.615385 0.688525 0.0396773
0.634615 0.688525 0.0382058
0.653846 0.688525 0.0366194
0.673077 0.688525 0.0349228
0.692308 0.688525 0.0331207
0.711538 0.688525 0.0312182
0.730769 0.688525 0.0292204
0.75 0.688525 0.0271327
0.769231 0.688525 0.0249606
0.788462 0.688525 0.0227101
0.807692 0.688525 0.0203872
0.826923 0.688525 0.0179981
0.846154 0.688525 0.0155494
0.865385 0.688525 0.013048
0.884615 0.688525 0.0105007
0.903846 0.688525 0.00791484
0.923077 0.688525 0.00529774
0.942308 0.688525 0.00265693
0.384615 0.704918 0.0452957
0.403846 0.704918 0.0455175
0.423077 0.704918 0.0455803
0.442308 0.704918 0.0454883
0.461538 0.704918 0.0452451
0.480769 0.704918 0.0448547
0.5 0.704918 0.0443209
0.519231 0.704918 0.0436475
0.538462 0.704918 0.0428384
0.557692 0.704918 0.0418975
0.576923 0.704918 0.0408288
0.596154 0.704918 0.0396363
0.615385 0.704918 0.0383241
0.634615 0.704918 0.0368966
0.653846 0.704918 0.0353581
0.673077 0.704918 0.0337131
0.692308 0.704918 0.0319665
0.711538 0.704918 0.030123
0.730769 0.704918 0.0281878
0.75 0.704918 0.0261663
0.769231 0.704918 0.0240639
0.788462 0.704918 0.0218864
0.807692 0.704918 0.01964
0.826923 0.704918 0.017331
0.846154 0.704918 0.0149659
0.865385 0.704918 0.0125517
0.884615 0.704918 0.0100955
0.903846 0.704918 0.00760452
0.923077 0.704918 0.00508647
0.942308 0.704918 0.00254902
0.384615 0.721311 0.0436344
0.403846 0.721311 0.0438445
0.423077 0.721311 0.0439013
0.442308 0.721311 0.0438086
0.461538 0.721311 0.0435701
0.480769 0.721311 0.0431896
0.5 0.721311 0.0426709
0.519231 0.721311 0.0420176
0.538462 0.721311 0.0412336
0.557692 0.721311 0.0403225
0.576923 0.721311 0.0392882
0.596154 0.721311 0.0381347
0.615385 0.721311 0.036866
0.634615 0.721311 0.0354862
0.653846 0.721311 0.0339996
0.673077 0.721311 0.0324107
0.692308 0.721311 0.0307241
0.711538 0.721311 0.0289445
0.730769 0.721311 0.0270771
0.75 0.721311 0.0251269
0.769231 0.721311 0.0230997
0.788462 0.721311 0.021001
0.807692 0.721311 0.0188371
0.826923 0.721311 0.0166142
0.846154 0.721311 0.0143391
0.865385 0.721311 0.0120187
0.884615 0.721311 0.00966024
0.903846 0.721311 0.00727128
0.923077 0.721311 0.00485959
0.942308 0.721311 0.00243313
0.384615 0.737705 0.0418498
0.403846 0.737705 0.0420477
0.423077 0.737705 0.0420982
0.442308 0.737705 0.042005
0.461538 0.737705 0.0417719
0.480769 0.737705 0.0414025
0.5 0.737705 0.0409003
0.519231 0.737705 0.040269
0.538462 0.737705 0.0395121
0.557692 0.737705 0.0386334
0.576923 0.737705 0.0376365
0.596154 0.737705 0.0365253
0.615385 0.737705 0.0353035
0.634615 0.737705 0.0339754
0.653846 0.737705 0.0325449
0.673077 0.737705 0.0310164
0.692308 0.737705 0.0293944
0.711538 0.737705 0.0276837
0.730769 0.737705 0.0258891
0.75 0.737705 0.0240157
0.769231 0.737705 0.0220691
0.788462 0.737705 0.0200551
0.807692 0.737705 0.0179795
0.826923 0.737705 0.0158489
0.846154 0.737705 0.01367
0.865385 0.737705 0.0114498
0.884615 0.737705 0.00919579
0.903846 0.737705 0.00691568
0.923077 0.737705 0.0046175
0.942308 0.737705 0.00230947
0.384615 0.754098 0.0399418
0.403846 0.754098 0.0401268
0.423077 0.754098 0.0401708
0.442308 0.754098 0.0400776
0.461538 0.754098 0.0398505
0.480769 0.754098 0.0394933
0.5 0.754098 0.0390092
0.519231 0.754098 0.0384018
0.538462 0.754098 0.0376745
0.557692 0.754098 0.0368308
0.576923 0.754098 0.0358743
0.596154 0.754098 0.0348087
0.615385 0.754098 0.0336376
0.634615 0.754098 0.0323649
0.653846 0.754098 0.0309947
0.673077 0.754098 0.0295312
0.692308 0.754098 0.0279786
0.711538 0.754098 0.0263416
0.730769 0.754098 0.024625
0.75 0.754098 0.0228339
0.769231 0.754098 0.0209736
0.788462 0.754098 0.0190497
0.807692 0.754098 0.0170685
0.826923 0.754098 0.0150362
0.846154 0.754098 0.0129596
0.865385 0.754098 0.010846
0.884615 0.754098 0.00870296
0.903846 0.754098 0.0065384
0.923077 0.754098 0.00436064
0.942308 0.754098 0.00217825
0.384615 0.770492 0.0379099
0.403846 0.770492 0.0380815
0.423077 0.770492 0.038119
0.442308 0.770492 0.0380259
0.461538 0.770492 0.0378058
0.480769 0.770492 0.037462
0.5 0.770492 0.0369978
0.519231 0.770492 0.0364163
0.538462 0.770492 0.035721
0.557692 0.770492 0.0349152
0.576923 0.770492 0.0340022
0.596154 0.770492 0.0329855
0.615385 0.770492 0.0318688
0.634615 0.770492 0.0306557
0.653846 0.770492 0.0293502
0.673077 0.770492 0.0279561
0.692308 0.770492 0.0264778
0.711538 0.770492 0.0249196
0.730769 0.770492 0.0232863
0.75 0.770492 0.0215828
0.769231 0.770492 0.0198143
0.788462 0.770492 0.0179865
0.807692 0.770492 0.0161054
0.826923 0.770492 0.0141774
0.846154 0.770492 0.0122093
0.865385 0.770492 0.0102085
0.884615 0.770492 0.00818273
0.903846 0.770492 0.00614022
0.923077 0.770492 0.00408957
0.942308 0.770492 0.00203977
0.384615 0.786885 0.0357538
0.403846 0.786885 0.0359114
0.423077 0.786885 0.0359423
0.442308 0.786885 0.03585
0.461538 0.786885 0.0356378
0.480769 0.786885 0.0353088
0.5 0.786885 0.0348661
0.519231 0.786885 0.0343128
0.538462 0.786885 0.033652
0.557692 0.786885 0.0328869
0.576923 0.786885 0.0320206
0.596154 0.786885 0.0310565
0.615385 0.786885 0.0299981
0.634615 0.786885 0.0288487
0.653846 0.786885 0.0276122
0.673077 0.786885 0.0262924
0.692308 0.786885 0.0248932
0.711538 0.786885 0.023419
0.730769 0.786885 0.0218743
0.75 0.786885 0.0202639
0.769231 0.786885 0.0185929
0.788462 0.786885 0.0168669
0.807692 0.786885 0.0150919
0.826923 0.786885 0.0132741
0.846154 0.786885 0.0114205
0.865385 0.786885 0.0095386
0.884615 0.786885 0.00763628
0.903846 0.786885 0.00572207
0.923077 0.786885 0.00380495
0.942308 0.786885 0.00189435
0.384615 0.803279 0.0334729
0.403846 0.803279 0.033616
0.423077 0.803279 0.0336404
0.442308 0.803279 0.0335494
0.461538 0.803279 0.0333461
0.480769 0.803279 0.0330335
0.5 0.803279 0.0326143
0.519231 0.803279 0.0320915
0.538462 0.803279 0.0314679
0.557692 0.803279 0.0307465
0.576923 0.803279 0.0299304
0.596154 0.803279 0.0290225
0.615385 0.803279 0.0280263
0.634615 0.803279 0.026945
0.653846 0.803279 0.0257821
0.673077 0.803279 0.0245412
0.692308 0.803279 0.0232263
0.711538 0.803279 0.0218413
0.730769 0.803279 0.0203907
0.75 0.803279 0.018879
0.769231 0.803279 0.0173113
0.788462 0.803279 0.0156929
0.807692 0.803279 0.0140298
0.826923 0.803279 0.0123281
0.846154 0.803279 0.010595
0.865385 0.803279 0.00883792
0.884615 0.803279 0.00706499
0.903846 0.803279 0.00528506
0.923077 0.803279 0.00350755
0.942308 0.803279 0.00174241
0.384615 0.819672 0.0310666
0.403846 0.819672 0.0311947
0.423077 0.819672 0.0312127
0.442308 0.819672 0.0311238
0.461538 0.819672 0.0309307
0.480769 0.819672 0.0306362
0.5 0.819672 0.0302426
0.519231 0.819672 0.0297528
0.538462 0.819672 0.0291692
0.557692 0.819672 0.0284947
0.576923 0.819672 0.0277321
0.596154 0.819672 0.0268844
0.615385 0.819672 0.0259545
0.634615 0.819672 0.0249456
0.653846 0.819672 0.0238611
0.673077 0.819672 0.0227042
0.692308 0.819672 0.0214786
0.711538 0.819672 0.0201883
0.730769 0.819672 0.0188373
0.75 0.819672 0.0174301
0.769231 0.819672 0.0159714
0.788462 0.819672 0.0144665
0.807692 0.819672 0.0129212
0.826923 0.819672 0.0113416
0.846154 0.819672 0.00973482
0.865385 0.819672 0.00810832
0.884615 0.819672 0.00647051
0.903846 0.819672 0.00483054
0.923077 0.819672 0.00319832
0.942308 0.819672 0.00158443
0.384615 0.836066 0.0285343
0.403846 0.836066 0.0286468
0.423077 0.836066 0.0286586
0.442308 0.836066 0.0285727
0.461538 0.836066 0.0283914
0.480769 0.836066 0.0281168
0.5 0.836066 0.0277512
0.519231 0.836066 0.0272969
0.538462 0.836066 0.0267563
0.557692 0.836066 0.026132
0.576923 0.836066 0.0254267
0.596154 0.836066 0.024643
0.615385 0.836066 0.0237837
0.634615 0.836066 0.0228519
0.653846 0.836066 0.0218505
0.673077 0.836066 0.0207827
0.692308 0.836066 0.0196519
0.711538 0.836066 0.0184618
0.730769 0.836066 0.0172161
0.75 0.836066 0.0159192
0.769231 0.836066 0.0145755
0.788462 0.836066 0.0131901
0.807692 0.836066 0.0117686
0.826923 0.836066 0.010317
0.846154 0.836066 0.00884226
0.865385 0.836066 0.00735202
0.884615 0.836066 0.0058548
0.903846 0.836066 0.00436011
0.923077 0.836066 0.00287841
0.942308 0.836066 0.00142102
0.384615 0.852459 0.0258748
0.403846 0.852459 0.0259711
0.423077 0.852459 0.0259773
0.442308 0.852459 0.0258957
0.461538 0.852459 0.0257279
0.480769 0.852459 0.0254755
0.5 0.852459 0.0251403
0.519231 0.852459 0.0247243
0.538462 0.852459 0.0242298
0.557692 0.852459 0.0236592
0.576923 0.852459 0.0230149
0.596154 0.852459 0.0222993
0.615385 0.852459 0.0215152
0.634615 0.852459 0.0206651
0.653846 0.852459 0.0197519
0.673077 0.852459 0.0187784
0.692308 0.852459 0.0177479
0.711538 0.852459 0.0166637
0.730769 0.852459 0.0155293
0.75 0.852459 0.0143487
0.769231 0.852459 0.0131261
0.788462 0.852459 0.0118663
0.807692 0.852459 0.0105746
0.826923 0.852459 0.00925697
0.846154 0.852459 0.0079201
0.865385 0.852459 0.00657164
0.884615 0.852459 0.00522024
0.903846 0.852459 0.00387576
0.923077 0.852459 0.00254924
0.942308 0.852459 0.00125292
0.384615 0.868852 0.0230866
0.403846 0.868852 0.023166
0.423077 0.868852 0.0231675
0.442308 0.868852 0.0230921
0.461538 0.868852 0.0229401
0.480769 0.868852 0.0227123
0.5 0.868852 0.0224101
0.519231 0.868852 0.0220354
0.538462 0.868852 0.0215903
0.557692 0.868852 0.0210769
0.576923 0.868852 0.0204975
0.596154 0.868852 0.0198544
0.615385 0.868852 0.0191499
0.634615 0.868852 0.0183866
0.653846 0.868852 0.0175668
0.673077 0.868852 0.0166932
0.692308 0.868852 0.0157687
0.711538 0.868852 0.0147963
0.730769 0.868852 0.0137793
0.75 0.868852 0.0127212
0.769231 0.868852 0.011626
0.788462 0.868852 0.0104981
0.807692 0.868852 0.00934245
0.826923 0.868852 0.00816479
0.846154 0.868852 0.00697157
0.865385 0.868852 0.00577031
0.884615 0.868852 0.00456971
0.903846 0.868852 0.00337993
0.923077 0.868852 0.00221263
0.942308 0.868852 0.00108111
0.384615 0.885246 0.0201671
0.403846 0.885246 0.020229
0.423077 0.885246 0.0202278
0.442308 0.885246 0.0201612
0.461538 0.885246 0.0200277
0.480769 0.885246 0.0198273
0.5 0.885246 0.019561
0.519231 0.885246 0.0192307
0.538462 0.885246 0.0188383
0.557692 0.885246 0.0183859
0.576923 0.885246 0.0178756
0.596154 0.885246 0.0173094
0.615385 0.885246 0.0166894
0.634615 0.885246 0.0160178
0.653846 0.885246 0.0152969
0.673077 0.885246 0.0145289
0.692308 0.885246 0.0137164
0.711538 0.885246 0.012862
0.730769 0.885246 0.0119686
0.75 0.885246 0.0110395
0.769231 0.885246 0.0100782
0.788462 0.885246 0.00908873
0.807692 0.885246 0.00807561
0.826923 0.885246 0.00704414
0.846154 0.885246 0.00600044
0.865385 0.885246 0.00495177
0.884615 0.885246 0.00390674
0.903846 0.885246 0.00287567
0.923077 0.885246 0.00187087
0.942308 0.885246 0.000906817
0.384615 0.901639 0.0171113
0.403846 0.901639 0.0171562
0.423077 0.901639 0.0171563
0.442308 0.901639 0.0171027
0.461538 0.901639 0.0169912
0.480769 0.901639 0.0168211
0.5 0.901639 0.0165936
0.519231 0.901639 0.0163108
0.538462 0.901639 0.0159746
0.557692 0.901639 0.0155871
0.576923 0.901639 0.01515
0.596154 0.901639 0.0146653
0.615385 0.901639 0.0141348
0.634615 0.901639 0.0135604
0.653846 0.901639 0.0129439
0.673077 0.901639 0.0122875
0.692308 0.901639 0.0115931
0.711538 0.901639 0.0108632
0.730769 0.901639 0.0101001
0.75 0.901639 0.00930678
0.769231 0.901639 0.00848622
0.788462 0.901639 0.00764196
0.807692 0.901639 0.00677805
0.826923 0.901639 0.00589923
0.846154 0.901639 0.00501112
0.865385 0.901639 0.0041205
0.884615 0.901639 0.00323567
0.903846 0.901639 0.0023669
0.923077 0.901639 0.001527
0.942308 0.901639 0.000731744
0.384615 0.918033 0.0139078
0.403846 0.918033 0.013941
0.423077 0.918033 0.0139515
0.442308 0.918033 0.0139171
0.461538 0.918033 0.0138313
0.480769 0.918033 0.0136943
0.5 0.918033 0.0135085
0.519231 0.918033 0.0132762
0.538462 0.918033 0.0129998
0.557692 0.918033 0.012681
0.576923 0.918033 0.0123217
0.596154 0.918033 0.0119234
0.615385 0.918033 0.0114876
0.634615 0.918033 0.0110158
0.653846 0.918033 0.0105098
0.673077 0.918033 0.00997103
0.692308 0.918033 0.00940133
0.711538 0.918033 0.00880255
0.730769 0.918033 0.00817677
0.75 0.918033 0.00752628
0.769231 0.918033 0.00685363
0.788462 0.918033 0.0061618
0.807692 0.918033 0.00545419
0.826923 0.918033 0.00473488
0.846154 0.918033 0.00400876
0.865385 0.918033 0.00328189
0.884615 0.918033 0.0025619
0.903846 0.918033 0.00185867
0.923077 0.918033 0.00118511
0.942308 0.918033 0.000558264
0.384615 0.934426 0.0105283
0.403846 0.934426 0.0105746
0.423077 0.934426 0.0106142
0.442308 0.934426 0.0106068
0.461538 0.934426 0.0105498
0.480769 0.934426 0.0104481
0.5 0.934426 0.0103063
0.519231 0.934426 0.0101276
0.538462 0.934426 0.00991449
0.557692 0.934426 0.00966869
0.576923 0.934426 0.00939166
0.596154 0.934426 0.00908471
0.615385 0.934426 0.00874904
0.634615 0.934426 0.00838585
0.653846 0.934426 0.00799635
0.673077 0.934426 0.00758179
0.692308 0.934426 0.00714352
0.711538 0.934426 0.00668297
0.730769 0.934426 0.00620172
0.75 0.934426 0.00570154
0.769231 0.934426 0.00518442
0.788462 0.934426 0.00465265
0.807692 0.934426 0.00410893
0.826923 0.934426 0.00355649
0.846154 0.934426 0.00299929
0.865385 0.934426 0.00244235
0.884615 0.934426 0.00189217
0.903846 0.934426 0.00135759
0.923077 0.934426 0.000850926
0.942308 0.934426 0.000389912
0.384615 0.95082 0.00689287
0.403846 0.95082 0.00705281
0.423077 0.95082 0.00715353
0.442308 0.95082 0.0071779
0.461538 0.95082 0.00714961
0.480769 0.95082 0.00708364
0.5 0.95082 0.00698757
0.519231 0.95082 0.00686535
0.538462 0.95082 0.00671923
0.557692 0.95082 0.00655067
0.576923 0.95082 0.00636079
0.596154 0.95082 0.0061505
0.615385 0.95082 0.00592066
0.634615 0.95082 0.00567207
0.653846 0.95082 0.00540557
0.673077 0.95082 0.00512199
0.692308 0.95082 0.00482225
0.711538 0.95082 0.00450732
0.730769 0.95082 0.00417827
0.75 0.95082 0.0038363
0.769231 0.95082 0.00348277
0.788462 0.95082 0.00311925
0.807692 0.95082 0.00274761
0.826923 0.95082 0.0023701
0.846154 0.95082 0.00198951
0.865385 0.95082 0.00160947
0.884615 0.95082 0.00123483
0.903846 0.95082 0.000872464
0.923077 0.95082 0.000532729
0.942308 0.95082 0.000232371
0.384615 0.967213 0.00275842
0.403846 0.967213 0.00342176
0.423077 0.967213 0.00359858
0.442308 0.967213 0.0036405
0.461538 0.967213 0.00363341
0.480769 0.967213 0.00360142
0.5 0.967213 0.00355243
0.519231 0.967213 0.00348958
0.538462 0.967213 0.00341434
0.557692 0.967213 0.0033276
0.576923 0.967213 0.00322995
0.596154 0.967213 0.00312189
0.615385 0.967213 0.00300384
0.634615 0.967213 0.00287622
0.653846 0.967213 0.00273944
0.673077 0.967213 0.00259395
0.692308 0.967213 0.00244018
0.711538 0.967213 0.00227864
0.730769 0.967213 0.00210986
0.75 0.967213 0.00193445
0.769231 0.967213 0.00175311
0.788462 0.967213 0.00156663
0.807692 0.967213 0.00137596
0.826923 0.967213 0.00118227
0.846154 0.967213 0.000987001
0.865385 0.967213 0.000792069
0.884615 0.967213 0.00060009
0.903846 0.967213 0.00041493
0.923077 0.967213 0.000242879
0.942308 0.967213 9.57036e-05
