# n  speedup
5 1.63157
5 0.769797
5 0.516942
5 0.377367
5 0.286136
5 0.231715
5 0.195211
5 0.171968
5 0.154461
5 0.139424
5 0.127853
5 0.117357
5 0.109136
5 0.101663
5 0.095539
5 0.0893921
5 0.0835136
5 0.0790077
5 0.074899
5 0.0712222
5 0.0680453
5 0.0654079
5 0.0627885
5 0.060538
5 0.0580987
5 0.0559415
5 0.0539359
5 0.0521943
5 0.0503428
5 0.0486385
5 0.0471555
5 0.0456769
5 0.0443836
5 0.0431385
5 0.0419821
5 0.0407679
5 0.0396882
5 0.0387454
5 0.0377833
5 0.0367851
5 0.03589
5 0.0351005
5 0.0342275
5 0.0334844
5 0.0328131
5 0.0321599
5 0.0315414
5 0.0308984
5 0.0303199
